5.892	7.704	5.808	10.860	8.000	10.330	9.267	6.525	6.140	9.091	1.940	7.727	4.959	6.278	2.957	5.117	4.375	4.422	4.505	4.368	6.196	4.630	7.219	3.919	5.959	3.275	3.812	3.417	5.449	4.323	2.967	5.002	1.524	3.544	2.578	3.251	3.809	0.707	5.511	2.643	3.032	5.471	2.521	0.421	1.299	4.443	0.941	2.081	3.495	2.630	1.614	5.962	1.456	0.000	2.672	0.995	0.000	1.036	3.789	1.810	0.984	3.503	0.000	0.603	1.601	1.502	1.058	3.174	0.000	1.629	0.000	4.523	4.001	0.000	1.431	0.417	0.215	0.143	1.442	0.000	0.035	0.000	2.898	5.441	1.557	2.200	1.071	3.874	0.739	0.000	0.690	0.000	3.223	5.179	4.180	2.431	0.000	0.947	0.000	0.851	1.365	1.435	0.276	1.168	2.636	1.108	0.000	1.358	0.000	0.827	0.000	1.747	2.344	0.371	0.045	0.735	2.090	0.000	0.650	1.357
3.673	6.081	8.063	7.801	10.330	8.000	6.290	6.386	6.903	7.721	8.017	7.138	6.477	8.387	7.899	8.020	5.352	4.583	5.654	4.924	5.771	4.592	1.835	3.967	4.708	1.877	5.863	7.918	5.729	5.193	3.894	4.906	3.982	1.330	4.495	4.149	3.336	5.482	0.629	3.756	1.046	0.585	0.732	1.722	1.561	1.244	2.889	0.000	1.279	0.638	3.168	1.867	2.145	2.093	0.000	0.000	3.384	0.629	0.681	0.000	1.637	0.000	0.193	0.000	2.929	4.114	2.147	2.357	1.629	4.102	1.298	2.983	0.000	2.217	1.927	0.000	1.433	1.552	1.322	1.775	0.083	0.000	1.345	3.106	0.165	0.000	0.232	5.198	0.616	3.153	0.000	0.000	2.583	2.458	4.490	0.000	0.000	0.000	2.559	4.041	2.846	2.470	0.000	0.000	0.000	0.000	1.200	0.235	0.000	0.843	3.126	0.000	0.000	1.462	0.835	2.237	0.311	1.986	0.000	0.899
5.670	5.804	4.181	6.181	9.267	6.290	8.000	9.027	7.163	6.667	7.833	8.486	6.987	9.235	4.689	8.076	6.011	3.144	5.441	5.781	4.482	6.171	5.099	4.067	5.329	4.557	5.011	3.287	4.450	3.735	4.226	1.538	3.357	2.347	5.678	1.667	5.382	4.303	8.114	4.206	2.615	3.640	2.603	0.000	0.000	0.000	2.506	1.609	2.591	0.798	2.578	2.890	2.146	1.143	1.437	0.000	0.000	4.457	1.832	0.000	0.545	0.000	0.397	2.441	2.981	2.601	0.088	0.863	0.489	5.232	2.449	3.414	1.527	0.000	3.511	1.730	3.270	0.000	5.175	0.000	1.546	0.959	0.000	1.105	2.872	0.000	2.572	0.000	2.245	0.414	0.477	0.000	3.142	0.000	0.000	1.557	4.320	0.460	1.537	2.082	0.402	2.875	0.000	1.577	3.379	1.725	3.051	1.303	0.000	2.857	0.000	0.000	0.873	1.680	0.214	1.479	2.544	0.000	3.049	1.318
7.708	6.037	6.185	6.143	6.525	6.386	9.027	8.000	7.463	6.755	6.651	6.835	5.310	6.034	7.497	5.967	5.365	6.461	5.706	3.167	6.531	4.178	5.606	4.135	5.526	4.734	6.530	2.883	6.875	5.883	3.196	4.737	5.494	1.535	1.549	4.808	4.501	2.104	4.505	2.660	1.749	1.528	2.076	5.672	1.380	0.000	5.520	3.609	0.000	1.299	0.095	0.308	0.753	2.511	0.000	1.415	3.527	0.014	0.000	0.000	1.016	0.562	0.000	1.111	3.396	2.151	0.492	4.123	0.000	1.140	1.633	3.603	0.267	0.000	1.399	0.752	3.821	1.352	0.061	0.000	1.561	1.504	1.026	0.991	0.000	1.951	1.530	0.000	3.085	1.385	0.000	0.000	0.100	1.772	1.329	0.000	2.798	3.418	1.269	1.420	1.002	0.339	0.000	1.213	0.908	1.720	1.753	0.000	1.407	3.620	0.000	2.348	0.000	3.009	0.875	1.587	0.000	1.011	0.000	1.797
7.410	4.035	6.997	5.559	6.140	6.903	7.163	7.463	8.000	7.531	10.013	4.694	8.169	8.211	4.782	6.084	5.917	6.196	7.206	6.185	4.729	6.246	5.225	1.041	6.535	2.216	4.120	4.649	5.185	2.560	3.297	4.959	6.860	3.877	3.549	5.392	5.056	4.200	4.562	0.915	0.395	1.985	0.000	3.556	1.308	1.702	3.803	1.086	2.258	1.496	1.148	0.459	1.177	2.166	1.486	0.000	1.573	1.828	3.353	0.000	1.781	2.494	0.035	0.203	0.000	0.393	2.186	2.307	3.814	1.266	0.000	1.482	4.012	0.000	2.397	1.069	3.139	1.469	0.000	0.865	0.926	2.625	0.000	2.191	1.515	3.561	0.129	1.860	2.754	0.800	0.000	0.265	0.101	0.172	2.295	4.177	0.916	3.406	1.573	3.913	2.609	2.450	1.150	0.698	0.000	0.955	2.777	0.662	0.000	2.743	0.379	3.142	4.750	0.000	0.000	0.000	1.704	0.366	0.000	3.407
5.810	4.973	4.376	5.783	9.091	7.721	6.667	6.755	7.531	8.000	8.261	8.334	8.743	7.318	7.298	6.861	7.974	5.950	3.726	7.674	5.754	8.241	5.463	5.810	3.392	2.612	4.615	7.050	2.680	6.661	5.105	2.072	3.329	6.184	6.963	2.672	4.595	3.683	4.290	2.558	1.043	3.975	0.000	2.949	1.062	2.485	0.000	1.910	2.695	2.533	0.000	1.150	2.837	2.550	0.000	0.000	1.610	0.000	3.357	0.000	0.000	1.959	0.866	0.000	0.000	3.930	0.000	1.012	0.884	0.000	5.112	2.232	0.000	0.000	1.088	0.574	0.000	3.926	2.367	0.463	3.360	1.138	0.763	0.000	0.000	0.000	0.000	1.772	1.356	1.749	1.384	0.000	2.164	0.636	2.060	0.000	1.697	1.715	0.000	1.538	3.146	2.278	0.000	0.157	0.334	2.513	2.628	0.000	0.176	3.228	3.010	0.000	1.505	2.019	0.000	3.738	1.599	0.000	2.295	0.695
7.133	9.170	6.617	4.989	1.940	8.017	7.833	6.651	10.013	8.261	8.000	7.882	7.957	8.639	6.807	7.696	6.901	6.443	4.711	5.287	6.182	7.463	5.995	5.681	5.184	5.553	2.314	3.019	2.019	2.424	4.317	2.921	2.944	5.088	3.544	5.396	5.013	4.720	2.645	4.210	0.886	0.210	1.962	3.346	0.185	1.822	1.765	0.933	0.000	2.031	1.431	0.000	1.939	2.051	1.481	1.564	2.959	0.982	3.693	0.000	0.000	0.921	2.499	0.000	2.119	2.484	2.456	3.337	4.697	1.252	1.296	2.026	0.000	0.000	2.667	1.003	5.460	1.031	0.636	0.000	0.000	0.328	1.049	0.497	2.389	0.700	0.000	1.453	0.000	0.894	0.000	3.066	0.000	2.868	1.969	3.519	0.000	2.540	2.251	2.170	0.592	0.820	0.964	4.151	2.109	1.258	0.000	0.000	1.450	1.098	0.137	4.583	1.391	0.000	0.000	0.000	0.784	2.687	1.166	1.571
5.006	7.015	5.339	8.466	7.727	7.138	8.486	6.835	4.694	8.334	7.882	8.000	9.743	6.278	5.929	7.061	8.068	5.671	5.111	5.071	4.514	6.207	5.483	5.778	7.461	5.709	4.307	6.908	3.773	4.957	2.088	4.886	3.457	3.744	3.165	5.530	0.855	3.353	2.111	3.436	1.422	0.912	1.406	1.768	3.100	0.688	0.000	2.990	0.839	2.702	0.440	0.772	2.249	1.219	0.000	0.393	1.832	1.846	2.032	0.673	0.489	3.065	0.000	0.571	0.804	0.386	5.227	1.366	1.352	0.991	2.876	1.203	0.000	0.585	2.790	1.484	0.659	0.218	0.782	0.603	0.287	2.708	0.000	0.931	0.358	0.000	0.000	0.000	0.000	2.900	4.527	1.171	0.000	4.294	1.491	2.347	1.501	0.127	3.121	0.737	0.656	0.000	0.000	2.324	2.004	0.000	0.908	1.590	0.000	0.000	2.024	0.000	0.000	2.217	0.000	2.123	1.859	1.754	0.000	0.000
4.742	5.151	6.694	5.364	4.959	6.477	6.987	5.310	8.169	8.743	7.957	9.743	8.000	8.758	8.145	4.994	6.556	5.272	6.038	7.124	4.959	4.270	4.686	5.842	2.905	4.343	3.867	8.636	7.950	4.650	5.880	1.817	4.940	5.906	3.395	3.738	4.909	5.108	3.993	4.190	1.984	3.656	2.869	0.794	2.208	0.348	1.805	3.347	0.000	0.839	3.086	0.000	0.000	1.430	0.062	1.604	0.000	1.494	0.000	2.341	3.587	0.000	0.343	0.000	1.299	0.000	2.140	2.792	0.000	1.814	0.722	5.136	3.236	0.000	1.447	0.416	3.043	2.534	2.883	1.681	1.210	0.000	0.048	1.520	1.435	0.000	4.347	3.895	4.632	0.597	0.000	0.000	1.704	1.368	0.000	0.823	4.032	1.023	0.200	0.975	0.821	1.085	0.242	0.900	0.000	0.000	0.000	2.189	0.000	1.364	0.745	1.730	3.440	2.005	3.248	0.000	0.000	0.000	1.297	3.774
3.954	3.377	5.204	6.159	6.278	8.387	9.235	6.034	8.211	7.318	8.639	6.278	8.758	8.000	7.850	6.414	7.840	6.262	5.970	5.004	5.123	6.410	8.207	5.616	7.833	8.567	6.252	3.173	6.224	5.423	4.886	4.461	4.479	3.104	4.039	6.195	4.312	5.755	1.793	3.257	2.801	0.471	1.481	0.000	1.879	0.565	3.404	3.009	1.657	0.000	0.424	0.705	1.620	0.000	0.086	0.000	1.510	1.117	0.890	2.461	2.859	0.303	0.000	0.446	1.330	3.167	1.232	0.380	0.665	0.604	0.967	0.324	0.000	3.030	1.241	1.804	0.000	2.702	1.712	0.000	1.797	0.991	0.965	0.000	3.561	0.000	0.842	1.529	1.932	1.214	2.863	3.291	0.000	0.000	0.316	0.000	2.704	0.055	0.232	0.000	0.000	0.000	0.388	1.709	0.000	0.000	0.004	0.318	0.000	0.973	0.000	0.000	3.485	0.000	0.000	0.628	0.116	0.454	0.942	1.994
5.467	6.412	1.137	7.203	2.957	7.899	4.689	7.497	4.782	7.298	6.807	5.929	8.145	7.850	8.000	8.308	7.421	6.269	6.445	7.827	6.093	5.713	6.415	4.584	4.312	3.116	3.141	2.417	5.588	5.674	4.890	3.902	4.328	2.958	6.613	5.472	3.970	3.506	5.041	2.774	2.554	2.313	2.645	0.572	1.977	0.098	0.000	1.159	1.201	1.555	1.681	0.000	2.444	0.483	1.695	1.958	1.791	3.937	3.172	3.357	2.128	1.149	2.774	0.717	0.000	3.261	0.010	2.729	0.000	1.155	0.043	0.000	0.446	0.551	3.596	1.986	1.953	2.014	0.114	0.223	1.963	0.000	0.000	3.917	0.197	0.543	1.024	0.336	1.230	1.629	0.000	1.102	0.000	1.387	0.913	0.000	2.591	1.721	1.884	0.000	0.000	1.270	3.917	0.000	4.853	2.582	0.000	0.426	2.286	1.518	1.628	1.235	0.766	0.646	0.100	0.000	0.391	1.727	1.243	0.080
5.972	6.287	3.242	6.951	5.117	8.020	8.076	5.967	6.084	6.861	7.696	7.061	4.994	6.414	8.308	8.000	8.151	6.469	7.297	5.208	2.751	4.106	8.066	9.181	4.966	4.509	4.729	8.091	5.713	5.991	3.170	5.706	5.020	4.291	4.287	6.909	4.954	4.858	4.058	2.513	1.558	1.600	0.672	0.000	1.632	1.141	0.744	0.373	0.000	3.900	2.020	2.859	2.628	0.000	1.123	0.000	0.518	0.000	0.000	0.000	1.098	2.102	2.227	1.594	0.506	2.043	0.000	1.094	0.000	3.104	3.026	0.000	2.935	2.398	3.019	0.000	0.000	0.292	0.052	0.000	4.670	0.309	2.223	0.000	0.000	0.000	0.000	0.163	0.683	1.694	4.707	1.016	0.035	4.816	0.861	0.000	2.840	2.508	0.000	0.698	0.741	0.728	1.764	0.840	1.069	2.530	0.000	0.000	3.966	2.160	6.083	2.871	2.368	0.673	1.249	1.261	3.676	2.614	0.000	3.159
4.872	4.824	4.561	4.231	4.375	5.352	6.011	5.365	5.917	7.974	6.901	8.068	6.556	7.840	7.421	8.151	8.000	9.799	8.340	6.637	7.233	8.766	6.956	5.988	7.934	6.280	4.254	7.505	2.117	4.384	5.040	4.787	3.750	5.840	2.653	3.343	5.384	5.381	4.082	5.328	0.000	1.799	2.386	3.394	1.256	0.243	0.354	0.708	3.547	0.000	0.617	3.772	1.660	0.497	2.946	2.410	1.736	4.176	3.102	0.025	2.651	1.024	0.769	0.557	1.367	4.084	2.105	3.202	4.439	0.891	4.090	0.139	1.365	0.000	0.000	0.693	3.375	4.680	0.000	2.250	0.000	0.115	0.000	0.689	1.524	0.531	0.000	1.587	0.000	5.445	0.256	0.786	0.762	0.000	0.580	1.112	2.499	1.940	0.850	0.771	0.000	0.384	0.350	1.671	2.872	0.000	0.000	0.000	2.052	0.941	3.475	0.000	1.764	0.000	0.000	2.464	0.000	0.732	0.000	0.000
3.731	5.529	6.690	5.391	4.422	4.583	3.144	6.461	6.196	5.950	6.443	5.671	5.272	6.262	6.269	6.469	9.799	8.000	7.386	8.198	8.084	5.402	7.381	4.984	4.968	5.189	7.645	5.338	6.782	7.326	5.106	6.975	5.200	4.978	4.190	4.564	3.242	4.429	2.880	3.491	2.708	2.889	2.557	0.000	0.000	1.456	1.001	0.000	3.328	0.000	2.708	2.568	1.146	0.000	0.000	3.267	1.496	0.707	1.276	0.000	2.851	1.723	0.860	3.878	0.000	0.000	1.367	0.281	2.305	1.654	1.222	1.506	1.347	2.938	2.759	0.000	0.387	2.033	1.979	0.000	1.477	1.353	2.049	0.000	0.000	1.546	0.974	1.942	0.000	0.458	0.000	2.256	2.549	0.000	0.452	0.831	4.962	2.221	1.507	2.623	1.485	1.022	3.099	1.511	3.664	0.684	0.000	0.000	1.135	2.470	1.009	0.483	0.762	2.156	2.623	0.000	0.735	0.223	0.119	2.507
6.617	5.114	4.850	3.284	4.505	5.654	5.441	5.706	7.206	3.726	4.711	5.111	6.038	5.970	6.445	7.297	8.340	7.386	8.000	8.122	7.079	8.088	8.039	6.517	6.696	5.460	6.407	6.449	7.109	6.402	7.641	6.646	6.319	6.525	4.779	6.763	5.280	3.681	3.617	3.896	2.212	2.816	4.932	0.369	2.034	3.265	0.700	1.447	0.000	2.209	2.375	1.390	1.524	4.113	0.149	0.218	0.000	1.973	0.000	3.852	0.000	0.000	0.000	2.919	2.157	0.669	3.163	0.759	0.000	1.061	2.700	0.000	1.996	0.000	0.806	0.651	3.420	3.859	0.000	1.638	0.000	0.034	0.000	0.000	0.584	2.808	1.484	0.201	0.000	1.290	0.000	1.426	0.811	0.000	2.994	0.428	2.321	3.864	1.000	1.163	1.489	0.000	0.000	3.545	0.416	0.000	1.892	3.010	2.624	0.850	0.000	2.700	1.642	0.000	0.676	1.842	1.749	2.371	3.766	0.729
4.452	3.905	0.943	8.006	4.368	4.924	5.781	3.167	6.185	7.674	5.287	5.071	7.124	5.004	7.827	5.208	6.637	8.198	8.122	8.000	6.465	7.941	6.055	6.471	6.901	4.315	7.621	7.388	9.785	10.227	6.629	4.027	5.346	8.960	6.156	5.660	6.810	4.609	5.474	3.367	2.879	4.772	1.106	0.818	0.172	2.523	3.501	0.000	1.132	0.000	2.210	0.717	2.940	3.957	0.139	0.195	0.674	1.846	1.611	0.596	0.023	0.000	5.122	1.236	0.777	0.000	2.465	1.885	1.939	0.000	0.000	1.648	1.725	3.989	0.000	0.440	0.802	0.000	0.997	3.269	3.173	0.000	1.504	0.000	0.163	2.704	1.011	0.548	3.379	3.011	0.783	0.000	1.267	0.000	1.374	0.257	2.272	0.000	2.118	0.000	3.415	0.000	0.000	0.350	0.000	0.000	2.683	1.361	2.357	1.060	0.000	1.763	3.020	3.189	1.330	0.931	1.427	1.238	1.972	4.279
6.788	6.441	5.687	6.287	6.196	5.771	4.482	6.531	4.729	5.754	6.182	4.514	4.959	5.123	6.093	2.751	7.233	8.084	7.079	6.465	8.000	4.052	5.817	5.113	6.901	5.097	5.497	5.332	5.978	5.635	5.846	5.884	5.872	6.416	4.667	6.383	2.384	3.965	4.095	5.815	4.916	0.940	0.980	3.385	1.721	2.870	1.576	4.262	2.469	2.034	3.076	1.185	1.038	1.415	1.856	2.152	2.070	1.597	0.859	0.000	2.512	2.308	0.000	0.000	0.937	0.000	0.000	2.201	1.057	1.234	2.105	0.400	2.804	0.664	1.972	0.191	1.414	0.233	0.000	2.401	0.000	1.494	0.000	0.000	0.048	0.479	1.127	0.455	0.000	2.932	0.000	0.610	1.375	4.439	1.786	4.880	1.101	3.270	1.398	0.000	0.924	0.000	4.609	2.309	0.866	0.000	0.857	0.000	2.352	0.100	0.000	3.608	2.083	0.000	1.122	2.659	0.221	0.000	0.000	2.080
4.216	3.997	3.289	1.905	4.630	4.592	6.171	4.178	6.246	8.241	7.463	6.207	4.270	6.410	5.713	4.106	8.766	5.402	8.088	7.941	4.052	8.000	8.606	5.250	4.828	7.539	6.078	6.192	5.573	5.832	6.123	3.585	7.808	6.057	7.290	3.478	3.458	3.960	3.650	3.767	2.971	4.466	4.715	3.325	3.105	0.418	1.924	2.918	1.296	0.599	4.753	1.299	1.031	2.758	1.975	0.000	4.661	0.246	2.486	1.234	3.598	2.763	4.279	0.064	1.331	0.000	1.073	0.000	1.197	3.166	0.000	5.413	4.644	1.949	0.000	3.050	2.175	2.408	1.981	0.828	0.586	2.373	0.000	0.000	1.807	1.615	4.171	0.000	0.617	1.260	2.750	1.154	0.694	0.225	0.000	5.636	1.876	0.550	0.000	0.000	1.459	0.721	0.533	0.000	0.000	0.546	0.000	1.648	4.613	0.000	3.360	0.000	0.000	2.511	2.039	2.444	1.555	1.471	0.000	0.097
3.839	6.280	4.295	6.400	7.219	1.835	5.099	5.606	5.225	5.463	5.995	5.483	4.686	8.207	6.415	8.066	6.956	7.381	8.039	6.055	5.817	8.606	8.000	8.905	8.002	7.967	7.754	8.170	3.946	5.394	6.008	6.148	7.426	5.959	4.042	5.680	3.863	6.950	5.988	2.106	2.084	0.910	2.221	1.049	0.586	3.618	3.819	2.213	3.024	0.278	3.832	2.612	1.924	2.511	2.917	4.894	3.234	0.711	0.375	0.000	0.721	3.247	0.000	1.759	0.849	2.185	0.396	4.008	0.000	1.741	1.348	0.170	1.838	0.531	0.797	0.000	2.308	0.000	0.255	1.787	0.000	0.000	0.120	0.431	1.846	0.220	0.000	1.245	3.421	1.943	1.412	0.540	0.483	0.000	1.390	0.971	0.000	0.000	1.110	2.388	2.176	0.000	0.000	0.000	0.438	2.572	0.000	0.000	0.345	1.404	1.346	0.000	0.000	0.000	1.664	0.000	0.000	3.508	1.940	0.000
3.617	3.577	4.994	4.146	3.919	3.967	4.067	4.135	1.041	5.810	5.681	5.778	5.842	5.616	4.584	9.181	5.988	4.984	6.517	6.471	5.113	5.250	8.905	8.000	6.624	7.614	5.392	4.572	8.455	6.518	6.403	7.199	7.845	5.125	5.755	3.102	6.841	4.124	2.776	3.708	2.419	4.404	3.383	0.000	1.776	1.451	0.966	0.000	0.000	3.898	3.056	1.242	3.393	3.516	2.850	2.130	3.751	1.390	1.873	3.172	0.663	0.000	0.000	1.108	3.146	0.000	2.702	0.000	0.763	0.811	3.825	4.794	3.468	2.170	2.098	0.763	1.076	3.305	2.145	0.000	3.772	1.589	0.252	0.750	0.024	0.623	1.014	2.819	1.380	1.772	1.364	0.000	0.873	0.000	0.175	2.313	0.000	0.651	0.000	2.754	0.000	1.875	0.000	0.000	1.435	3.519	2.145	1.834	2.546	1.275	0.000	0.593	0.000	4.021	0.000	0.000	0.833	2.466	1.984	1.972
2.090	3.687	5.459	2.052	5.959	4.708	5.329	5.526	6.535	3.392	5.184	7.461	2.905	7.833	4.312	4.966	7.934	4.968	6.696	6.901	6.901	4.828	8.002	6.624	8.000	10.901	8.281	6.368	6.532	10.473	5.802	5.575	4.695	6.487	4.596	5.636	3.297	4.617	5.675	4.038	1.231	2.063	0.000	3.452	0.000	0.700	2.159	1.815	0.000	1.671	2.045	0.743	0.932	0.939	0.000	1.657	0.000	0.873	0.646	2.872	3.569	0.000	4.406	2.177	2.808	0.000	0.000	2.435	0.000	2.244	1.442	0.000	2.856	3.313	1.417	0.719	0.782	2.491	1.648	1.429	2.678	0.808	0.000	2.230	1.827	0.525	0.852	3.130	0.000	0.000	2.370	2.191	1.645	1.930	1.287	0.000	3.332	1.464	3.285	0.000	2.057	2.977	1.408	2.299	0.000	3.105	4.376	0.800	0.119	2.402	6.048	0.534	0.509	4.927	0.934	1.380	0.830	0.441	1.419	3.261
1.803	2.919	5.393	4.677	3.275	1.877	4.557	4.734	2.216	2.612	5.553	5.709	4.343	8.567	3.116	4.509	6.280	5.189	5.460	4.315	5.097	7.539	7.967	7.614	10.901	8.000	5.612	10.774	6.240	8.095	6.476	3.828	3.807	5.458	5.574	5.875	5.686	6.047	5.090	1.751	3.483	5.783	3.782	2.566	2.825	0.673	0.000	2.652	3.050	2.586	0.572	0.000	1.895	1.915	0.809	0.207	3.420	4.057	2.144	3.447	1.267	0.799	0.000	0.903	0.315	0.935	2.458	0.155	0.541	1.510	0.800	0.000	0.000	0.666	1.609	1.748	0.000	2.233	1.951	1.628	4.187	0.000	0.811	3.583	1.417	0.744	1.275	0.000	1.127	3.351	1.446	1.809	0.000	1.484	1.290	0.000	1.492	2.214	2.743	0.205	1.784	0.267	0.289	3.125	0.000	0.187	0.000	0.000	4.135	0.000	2.377	3.799	0.000	2.901	2.192	0.986	0.881	0.000	2.563	0.213
2.771	0.935	5.092	3.910	3.812	5.863	5.011	6.530	4.120	4.615	2.314	4.307	3.867	6.252	3.141	4.729	4.254	7.645	6.407	7.621	5.497	6.078	7.754	5.392	8.281	5.612	8.000	7.743	8.723	7.018	4.389	5.633	4.464	4.846	6.620	4.357	3.744	3.695	5.121	4.326	4.931	2.615	2.778	0.339	2.011	1.495	2.120	4.970	4.419	1.146	1.883	0.526	0.000	1.335	3.409	1.134	2.074	3.627	3.648	2.332	0.996	0.000	2.127	1.672	1.564	0.180	1.521	1.374	2.722	2.754	2.950	0.802	0.350	1.197	3.411	2.850	0.798	2.294	1.196	0.000	2.136	0.000	2.001	0.528	0.000	0.000	0.000	2.236	3.794	0.000	0.000	0.000	5.305	2.951	0.147	0.000	1.059	1.161	2.191	0.000	3.332	2.490	3.698	1.974	1.271	0.000	0.845	3.620	1.011	2.172	0.999	2.319	0.424	0.000	1.770	2.148	0.426	0.000	0.000	6.087
5.050	5.803	4.400	4.249	3.417	7.918	3.287	2.883	4.649	7.050	3.019	6.908	8.636	3.173	2.417	8.091	7.505	5.338	6.449	7.388	5.332	6.192	8.170	4.572	6.368	10.774	7.743	8.000	7.412	6.074	4.322	7.386	5.841	7.228	4.779	6.388	6.102	5.894	6.538	4.412	4.650	2.610	1.336	1.853	2.192	4.703	3.482	4.445	1.922	2.077	1.733	1.273	3.365	0.000	0.429	0.898	3.051	0.000	0.000	1.736	2.752	2.464	0.000	0.000	3.838	0.000	1.364	0.000	2.551	0.000	0.070	3.899	0.343	3.747	2.354	1.303	3.865	1.658	3.861	1.129	0.587	0.000	0.000	0.961	1.283	0.966	4.515	1.599	0.000	0.621	2.718	0.735	0.000	1.363	0.916	0.846	2.303	1.780	0.226	1.022	0.655	2.868	1.249	3.639	3.654	0.000	1.407	2.144	1.651	0.000	0.420	0.437	2.161	0.000	0.000	0.000	2.536	0.000	0.000	3.535
3.163	5.534	2.008	5.242	5.449	5.729	4.450	6.875	5.185	2.680	2.019	3.773	7.950	6.224	5.588	5.713	2.117	6.782	7.109	9.785	5.978	5.573	3.946	8.455	6.532	6.240	8.723	7.412	8.000	9.854	8.969	7.364	3.588	5.114	7.649	7.943	6.283	7.796	5.437	5.209	4.677	3.717	2.599	1.611	0.183	4.067	2.590	3.049	1.329	1.551	0.865	5.029	1.547	0.256	1.825	2.324	3.349	0.000	0.773	2.307	1.608	1.666	0.307	2.403	1.768	2.253	0.000	4.159	0.580	2.715	1.181	0.424	0.000	0.000	1.407	0.869	4.463	0.472	0.000	2.907	1.288	1.898	0.000	0.000	0.000	0.371	1.197	1.293	0.000	0.000	0.000	0.999	1.241	1.807	0.000	1.986	2.457	0.000	0.000	1.927	3.307	2.460	1.062	0.000	0.000	0.000	0.000	0.000	2.091	2.353	3.556	3.783	2.591	3.254	1.246	2.676	0.785	1.946	0.000	1.023
2.263	3.251	2.747	2.532	4.323	5.193	3.735	5.883	2.560	6.661	2.424	4.957	4.650	5.423	5.674	5.991	4.384	7.326	6.402	10.227	5.635	5.832	5.394	6.518	10.473	8.095	7.018	6.074	9.854	8.000	9.764	5.500	7.844	5.360	6.470	6.161	7.317	5.394	5.143	5.712	6.088	3.999	2.349	1.358	0.525	3.815	1.511	4.747	0.000	3.085	1.930	3.146	5.069	2.834	0.261	1.640	0.000	4.010	0.114	0.233	1.566	4.419	0.778	0.200	2.894	3.339	0.619	2.054	3.059	4.271	0.000	3.601	2.019	4.728	1.072	3.718	2.682	1.336	1.491	0.000	3.796	1.605	3.102	3.372	0.883	3.405	3.019	1.512	0.000	1.994	0.957	0.000	3.079	0.000	0.279	2.867	3.398	1.545	2.852	5.192	1.840	0.000	1.034	0.743	1.443	0.000	1.278	0.000	1.387	1.369	2.397	1.499	0.000	1.794	1.321	0.776	0.000	0.371	0.000	1.555
5.237	4.150	6.140	4.148	2.967	3.894	4.226	3.196	3.297	5.105	4.317	2.088	5.880	4.886	4.890	3.170	5.040	5.106	7.641	6.629	5.846	6.123	6.008	6.403	5.802	6.476	4.389	4.322	8.969	9.764	8.000	7.898	6.718	7.220	6.885	7.135	6.938	6.989	7.352	6.519	4.128	3.290	2.129	3.331	2.796	3.635	3.769	1.463	0.000	3.384	4.297	4.395	1.597	3.978	1.374	1.434	2.310	2.744	3.311	1.883	2.191	2.241	3.079	1.548	4.373	2.725	2.288	1.578	2.235	2.337	0.088	0.614	0.000	3.713	3.727	2.409	0.934	0.000	1.075	1.551	1.360	1.401	3.715	3.618	3.470	3.022	2.763	3.374	1.004	3.250	0.000	2.042	0.000	0.000	0.000	3.594	0.000	3.352	0.000	3.957	0.061	4.010	0.354	1.135	2.624	0.000	0.000	3.703	2.153	1.558	0.000	1.695	0.427	0.000	2.913	1.697	0.570	2.176	1.214	0.000
1.678	2.168	1.551	3.684	5.002	4.906	1.538	4.737	4.959	2.072	2.921	4.886	1.817	4.461	3.902	5.706	4.787	6.975	6.646	4.027	5.884	3.585	6.148	7.199	5.575	3.828	5.633	7.386	7.364	5.500	7.898	8.000	8.215	7.279	6.649	4.449	6.533	6.676	5.401	9.047	4.105	3.666	4.022	1.469	4.648	2.986	4.724	2.273	0.433	3.200	0.000	2.513	0.763	2.518	3.517	0.324	2.638	0.918	0.329	4.299	1.374	1.012	3.380	1.546	0.799	0.277	3.297	1.614	0.000	2.794	0.000	0.000	0.252	0.600	0.917	3.561	3.795	0.947	0.000	1.356	0.000	1.338	1.163	0.000	1.500	1.843	1.433	2.070	0.000	1.095	2.616	1.323	2.001	0.000	0.579	1.482	3.224	1.544	0.000	3.682	1.654	2.371	2.557	0.000	0.000	0.000	3.098	3.613	2.350	0.684	1.990	1.364	0.000	1.965	0.411	0.000	0.638	2.412	2.350	0.000
2.624	3.116	7.049	4.962	1.524	3.982	3.357	5.494	6.860	3.329	2.944	3.457	4.940	4.479	4.328	5.020	3.750	5.200	6.319	5.346	5.872	7.808	7.426	7.845	4.695	3.807	4.464	5.841	3.588	7.844	6.718	8.215	8.000	6.417	9.819	7.233	5.413	8.164	6.829	4.950	4.526	5.009	3.591	3.765	4.021	3.043	2.785	2.689	1.068	6.552	2.929	3.413	2.102	3.268	1.976	0.518	0.585	0.583	0.746	0.000	3.781	4.788	4.812	0.192	1.133	4.202	0.596	1.599	0.838	1.230	3.154	5.446	1.586	1.569	0.111	0.000	0.000	1.963	0.000	0.297	1.853	1.917	0.000	2.029	2.921	2.911	0.000	2.211	1.845	0.000	0.989	0.171	1.696	2.083	1.850	0.000	0.293	1.375	0.428	2.758	3.002	2.522	0.917	1.013	1.635	3.589	2.321	0.339	0.722	4.700	0.000	3.883	2.141	0.000	0.000	2.635	0.107	2.284	1.142	2.607
0.902	4.411	2.326	3.520	3.544	1.330	2.347	1.535	3.877	6.184	5.088	3.744	5.906	3.104	2.958	4.291	5.840	4.978	6.525	8.960	6.416	6.057	5.959	5.125	6.487	5.458	4.846	7.228	5.114	5.360	7.220	7.279	6.417	8.000	4.865	6.314	7.665	4.714	6.245	8.214	3.398	3.651	2.566	3.985	2.479	2.451	1.693	3.471	2.241	2.684	1.485	4.604	2.176	0.331	1.588	0.000	2.864	3.374	3.846	2.741	1.749	4.126	2.420	3.141	0.000	1.289	3.506	0.000	1.814	0.429	0.745	1.062	2.765	2.608	0.000	2.736	3.231	0.360	0.000	2.413	5.543	3.721	0.000	0.279	0.803	0.458	0.000	3.112	1.046	1.903	0.000	3.263	2.181	4.431	2.928	5.041	0.000	0.124	1.187	3.207	1.501	0.000	1.003	1.199	0.000	0.135	0.314	3.404	0.000	0.063	0.189	0.000	0.149	2.198	0.967	0.000	1.764	0.748	0.000	2.038
3.660	3.739	5.288	5.567	2.578	4.495	5.678	1.549	3.549	6.963	3.544	3.165	3.395	4.039	6.613	4.287	2.653	4.190	4.779	6.156	4.667	7.290	4.042	5.755	4.596	5.574	6.620	4.779	7.649	6.470	6.885	6.649	9.819	4.865	8.000	7.183	6.197	3.125	9.198	6.081	2.169	2.606	5.036	7.180	4.178	4.865	3.393	3.298	2.088	0.639	1.467	0.654	0.029	4.216	0.492	1.324	2.930	1.529	1.203	4.178	2.897	2.495	4.265	0.692	0.345	3.364	3.439	1.234	4.088	0.000	1.170	0.070	0.690	0.000	3.256	0.000	2.049	0.000	0.000	2.453	3.014	1.218	1.680	1.357	0.607	0.364	0.608	1.980	1.268	1.518	0.000	2.204	0.897	2.407	0.000	0.486	0.000	1.347	0.375	0.763	1.139	2.785	0.000	0.000	1.340	1.473	1.704	0.564	3.116	0.111	0.974	2.868	0.448	0.676	2.654	0.220	1.483	0.557	1.664	2.285
0.246	0.513	3.499	4.988	3.251	4.149	1.667	4.808	5.392	2.672	5.396	5.530	3.738	6.195	5.472	6.909	3.343	4.564	6.763	5.660	6.383	3.478	5.680	3.102	5.636	5.875	4.357	6.388	7.943	6.161	7.135	4.449	7.233	6.314	7.183	8.000	7.900	7.235	9.894	7.066	3.744	5.331	7.766	3.147	1.871	2.051	6.211	5.579	0.161	1.632	4.204	1.308	1.400	2.272	2.260	2.950	3.097	3.045	0.457	0.000	0.586	1.487	2.720	2.096	0.000	1.072	0.070	3.224	2.228	2.146	1.986	0.000	2.068	2.586	2.009	0.520	2.930	2.296	4.242	1.574	1.982	0.679	0.000	1.030	0.753	2.346	0.000	0.913	3.757	0.000	0.000	0.193	0.000	2.698	1.863	1.616	2.946	0.383	0.034	1.375	1.606	0.000	0.000	0.000	3.316	0.000	0.000	1.524	0.535	2.727	1.688	0.652	2.247	1.743	0.000	0.000	1.982	3.218	2.212	3.786
2.686	1.499	2.623	0.335	3.809	3.336	5.382	4.501	5.056	4.595	5.013	0.855	4.909	4.312	3.970	4.954	5.384	3.242	5.280	6.810	2.384	3.458	3.863	6.841	3.297	5.686	3.744	6.102	6.283	7.317	6.938	6.533	5.413	7.665	6.197	7.900	8.000	9.425	6.430	7.652	5.645	2.227	3.798	0.871	2.839	3.209	1.466	3.380	3.990	4.243	3.783	6.145	2.566	1.445	2.606	1.067	2.013	3.738	3.569	1.299	2.166	1.567	1.824	3.094	1.107	1.193	1.134	0.559	0.000	1.294	1.893	2.453	4.005	5.553	0.382	0.592	1.703	1.608	5.312	0.000	0.632	3.508	0.731	0.634	0.402	1.890	1.437	2.831	0.000	1.078	2.154	4.307	0.000	2.023	0.000	1.313	0.000	1.641	0.000	0.000	0.000	1.851	1.294	0.000	2.036	0.000	0.974	2.154	4.483	2.677	0.000	0.000	0.767	1.115	2.536	0.000	0.000	0.000	0.601	0.000
2.898	2.934	4.970	2.705	0.707	5.482	4.303	2.104	4.200	3.683	4.720	3.353	5.108	5.755	3.506	4.858	5.381	4.429	3.681	4.609	3.965	3.960	6.950	4.124	4.617	6.047	3.695	5.894	7.796	5.394	6.989	6.676	8.164	4.714	3.125	7.235	9.425	8.000	9.385	8.982	4.160	4.510	2.321	4.027	4.955	3.981	5.118	3.477	2.958	1.971	2.476	3.113	0.153	1.144	2.205	1.758	2.186	2.504	1.450	4.904	2.256	2.785	0.745	2.508	0.000	0.000	0.000	6.839	1.953	2.321	3.431	3.056	0.563	2.347	4.069	2.784	2.025	2.218	0.000	3.920	2.316	1.527	4.624	2.549	2.219	2.480	0.000	0.905	1.248	0.117	3.402	2.602	1.921	1.601	3.375	1.101	0.000	1.885	1.348	0.000	1.302	3.845	0.641	0.000	1.487	2.191	4.769	1.087	0.516	0.000	3.006	2.181	2.162	0.000	0.000	1.091	0.000	0.356	1.606	1.604
4.479	2.516	1.350	2.325	5.511	0.629	8.114	4.505	4.562	4.290	2.645	2.111	3.993	1.793	5.041	4.058	4.082	2.880	3.617	5.474	4.095	3.650	5.988	2.776	5.675	5.090	5.121	6.538	5.437	5.143	7.352	5.401	6.829	6.245	9.198	9.894	6.430	9.385	8.000	7.128	3.836	4.534	4.322	2.881	3.914	2.268	0.165	4.179	1.462	2.878	3.484	2.405	3.260	1.250	3.091	3.851	4.342	4.013	2.246	1.062	0.328	1.241	4.051	0.000	2.663	0.270	0.000	2.450	0.000	0.559	2.948	3.204	0.000	2.503	1.291	1.310	1.993	2.010	2.385	0.919	1.145	2.775	0.000	3.211	0.041	2.778	0.303	0.342	0.000	0.000	0.934	3.369	2.576	0.000	3.481	2.384	0.889	0.562	0.905	4.078	2.984	0.000	0.000	0.000	4.151	0.000	2.042	0.457	1.328	3.094	1.234	0.727	0.919	0.575	0.000	1.409	0.276	0.000	2.356	0.856
1.952	5.092	5.059	3.820	2.643	3.756	4.206	2.660	0.915	2.558	4.210	3.436	4.190	3.257	2.774	2.513	5.328	3.491	3.896	3.367	5.815	3.767	2.106	3.708	4.038	1.751	4.326	4.412	5.209	5.712	6.519	9.047	4.950	8.214	6.081	7.066	7.652	8.982	7.128	8.000	5.248	3.740	5.800	2.506	6.460	3.808	3.984	2.250	4.959	3.696	0.611	1.837	4.402	4.544	1.824	3.633	2.161	1.995	2.449	3.326	0.453	2.942	1.235	2.344	2.411	0.116	1.992	1.077	1.974	1.994	0.000	0.000	2.448	0.665	0.000	0.472	2.828	3.235	0.000	0.473	3.085	0.980	2.547	2.351	0.614	0.000	1.981	0.000	4.256	1.619	0.000	0.179	2.171	0.628	0.000	0.487	0.000	2.759	1.010	2.367	0.556	0.000	0.940	1.135	1.494	0.677	0.410	2.248	1.157	0.405	0.000	0.810	1.050	0.000	1.172	0.579	4.306	1.094	0.000	2.457
1.447	2.900	1.372	1.334	2.081	0.000	1.609	3.609	1.086	1.910	0.933	2.990	3.347	3.009	1.159	0.373	0.708	0.000	1.447	0.000	4.262	2.918	2.213	0.000	1.815	2.652	4.970	4.445	3.049	4.747	1.463	2.273	2.689	3.471	3.298	5.579	3.380	3.477	4.179	2.250	4.699	6.617	4.661	8.470	8.554	5.629	5.898	8.000	8.782	5.950	7.504	5.226	8.095	7.027	6.150	5.970	7.163	6.444	5.146	4.577	4.788	5.123	3.648	4.336	3.029	5.528	3.976	5.870	4.671	3.158	3.302	4.394	5.290	4.016	2.688	2.621	4.609	3.284	5.054	5.870	3.510	3.589	1.617	4.576	6.214	3.845	5.593	2.633	2.384	0.811	3.843	2.756	0.000	1.819	1.179	7.485	2.920	2.902	2.813	5.115	8.032	0.146	4.125	4.721	4.669	2.684	2.830	1.307	4.123	2.330	2.151	2.171	4.276	2.210	0.983	3.614	1.562	6.012	1.209	4.381
0.026	0.000	3.743	0.827	3.495	1.279	2.591	0.000	2.258	2.695	0.000	0.839	0.000	1.657	1.201	0.000	3.547	3.328	0.000	1.132	2.469	1.296	3.024	0.000	0.000	3.050	4.419	1.922	1.329	0.000	0.000	0.433	1.068	2.241	2.088	0.161	3.990	2.958	1.462	4.959	5.426	4.424	8.772	3.742	8.937	6.103	8.580	8.782	8.000	5.386	5.173	7.965	7.931	6.993	5.815	7.182	7.617	6.074	4.116	4.649	5.719	4.923	4.830	7.153	5.412	4.150	6.479	6.675	3.561	3.343	1.443	0.999	2.440	6.986	3.120	2.844	2.313	3.545	2.760	1.922	4.433	2.388	8.923	2.955	3.234	4.453	0.969	1.175	1.719	5.340	6.692	3.690	3.216	3.797	1.521	0.000	0.626	3.672	2.428	1.982	5.460	0.000	3.405	1.005	3.618	1.402	2.705	1.067	0.563	2.965	3.854	0.950	0.938	6.726	1.002	5.217	3.702	2.871	0.776	2.521
1.497	2.497	0.078	0.000	2.630	0.638	0.798	1.299	1.496	2.533	2.031	2.702	0.839	0.000	1.555	3.900	0.000	0.000	2.209	0.000	2.034	0.599	0.278	3.898	1.671	2.586	1.146	2.077	1.551	3.085	3.384	3.200	6.552	2.684	0.639	1.632	4.243	1.971	2.878	3.696	5.018	3.959	4.478	6.270	5.630	8.055	9.293	5.950	5.386	8.000	7.375	9.070	5.597	7.342	9.097	5.694	3.484	6.185	7.778	4.977	7.455	5.043	2.905	5.013	4.747	4.119	3.950	3.801	6.200	3.663	4.790	3.430	3.478	2.242	4.680	1.711	3.217	3.157	4.115	2.699	8.015	2.965	3.648	4.472	6.372	4.918	2.818	4.158	6.580	4.462	1.949	4.522	6.101	3.051	2.745	1.781	3.355	3.526	5.031	4.575	0.890	3.446	5.314	1.801	4.427	1.791	2.131	4.047	2.584	3.383	4.121	2.435	1.664	1.867	3.132	2.846	1.620	5.597	3.163	5.045
0.763	0.780	0.917	0.000	1.614	3.168	2.578	0.095	1.148	0.000	1.431	0.440	3.086	0.424	1.681	2.020	0.617	2.708	2.375	2.210	3.076	4.753	3.832	3.056	2.045	0.572	1.883	1.733	0.865	1.930	4.297	0.000	2.929	1.485	1.467	4.204	3.783	2.476	3.484	0.611	6.947	5.635	4.427	8.687	6.350	6.836	5.969	7.504	5.173	7.375	8.000	6.406	7.828	8.827	4.288	6.261	6.936	6.577	5.964	8.693	4.391	6.932	3.830	4.609	4.829	4.171	3.264	4.053	3.208	5.497	3.894	1.693	3.843	2.406	2.725	3.852	3.613	3.831	2.443	1.838	1.600	3.123	2.128	5.348	6.149	1.183	1.436	2.677	3.249	2.996	2.223	4.024	2.164	2.611	0.297	1.672	0.915	2.735	2.850	2.101	5.831	4.374	5.985	2.312	2.142	6.354	2.597	1.160	3.998	1.646	4.545	5.066	2.071	3.640	0.000	4.049	4.489	0.879	0.000	2.702
5.508	2.739	0.000	0.000	5.962	1.867	2.890	0.308	0.459	1.150	0.000	0.772	0.000	0.705	0.000	2.859	3.772	2.568	1.390	0.717	1.185	1.299	2.612	1.242	0.743	0.000	0.526	1.273	5.029	3.146	4.395	2.513	3.413	4.604	0.654	1.308	6.145	3.113	2.405	1.837	5.139	6.459	5.762	5.296	5.942	5.356	7.302	5.226	7.965	9.070	6.406	8.000	8.227	8.689	8.081	7.341	5.265	5.022	7.259	6.078	5.295	4.034	5.429	3.251	4.030	6.986	4.565	6.860	3.167	5.802	2.568	5.122	5.129	4.993	5.149	4.996	2.610	4.934	3.861	5.730	3.110	6.029	1.829	3.218	3.826	2.958	2.773	5.880	3.721	0.060	4.475	2.364	5.843	3.547	2.448	2.732	3.288	5.402	2.668	1.928	4.503	1.671	3.574	1.598	4.012	0.956	2.576	0.505	3.193	5.980	4.389	0.596	5.530	5.636	4.552	4.100	4.880	1.844	5.064	4.299
1.605	0.000	1.635	0.000	1.456	2.145	2.146	0.753	1.177	2.837	1.939	2.249	0.000	1.620	2.444	2.628	1.660	1.146	1.524	2.940	1.038	1.031	1.924	3.393	0.932	1.895	0.000	3.365	1.547	5.069	1.597	0.763	2.102	2.176	0.029	1.400	2.566	0.153	3.260	4.402	7.627	5.772	4.027	8.042	3.536	5.022	6.181	8.095	7.931	5.597	7.828	8.227	8.000	6.952	7.830	8.957	8.000	4.157	6.717	3.720	6.265	5.149	4.308	4.526	4.652	4.435	4.373	6.072	8.453	5.420	3.284	4.622	3.195	6.604	4.155	4.878	4.407	4.415	0.542	4.668	4.147	3.856	3.063	5.023	1.977	2.901	2.333	1.242	3.397	1.748	5.978	4.272	4.129	5.051	5.428	1.799	2.148	5.059	3.787	3.162	4.303	4.500	2.924	4.063	2.253	4.499	2.079	2.128	4.419	2.015	4.148	2.777	3.906	4.401	3.365	3.736	3.300	2.910	3.040	2.494
1.331	1.462	0.000	1.638	0.000	2.093	1.143	2.511	2.166	2.550	2.051	1.219	1.430	0.000	0.483	0.000	0.497	0.000	4.113	3.957	1.415	2.758	2.511	3.516	0.939	1.915	1.335	0.000	0.256	2.834	3.978	2.518	3.268	0.331	4.216	2.272	1.445	1.144	1.250	4.544	3.075	4.416	6.957	4.303	6.755	5.341	6.943	7.027	6.993	7.342	8.827	8.689	6.952	8.000	6.001	8.598	6.195	6.914	5.300	7.540	6.787	4.450	4.479	6.563	2.434	4.553	2.512	4.726	2.877	7.264	4.395	5.824	3.283	3.747	5.579	1.798	4.840	5.608	5.522	3.272	4.043	2.263	3.878	4.135	3.067	5.119	2.212	4.007	5.778	4.707	4.370	2.023	1.822	3.175	4.624	1.814	1.677	2.846	1.424	4.966	4.060	4.922	3.605	3.871	5.021	2.274	0.935	6.272	1.931	3.346	6.859	2.377	4.005	2.486	1.683	3.103	4.679	3.925	4.565	3.821
3.875	0.141	2.373	3.359	2.672	0.000	1.437	0.000	1.486	0.000	1.481	0.000	0.062	0.086	1.695	1.123	2.946	0.000	0.149	0.139	1.856	1.975	2.917	2.850	0.000	0.809	3.409	0.429	1.825	0.261	1.374	3.517	1.976	1.588	0.492	2.260	2.606	2.205	3.091	1.824	3.443	7.993	5.553	6.817	6.050	6.911	5.152	6.150	5.815	9.097	4.288	8.081	7.830	6.001	8.000	7.638	6.448	6.405	6.564	6.932	8.321	8.601	5.766	5.534	5.643	6.271	6.006	7.568	7.640	6.954	4.933	4.308	6.317	4.168	0.716	1.157	5.470	3.060	3.723	4.321	7.366	3.294	3.338	1.340	2.308	7.004	6.725	1.304	1.403	2.591	4.477	1.240	1.356	1.993	1.074	0.000	6.365	3.888	6.685	5.817	6.048	2.127	2.924	4.951	1.907	4.969	3.577	0.591	2.211	4.529	1.826	2.050	3.196	3.556	2.807	3.292	3.294	2.942	1.067	5.161
0.961	2.162	3.740	0.000	0.995	0.000	0.000	1.415	0.000	0.000	1.564	0.393	1.604	0.000	1.958	0.000	2.410	3.267	0.218	0.195	2.152	0.000	4.894	2.130	1.657	0.207	1.134	0.898	2.324	1.640	1.434	0.324	0.518	0.000	1.324	2.950	1.067	1.758	3.851	3.633	3.996	3.692	4.389	5.702	4.787	4.977	4.781	5.970	7.182	5.694	6.261	7.341	8.957	8.598	7.638	8.000	8.286	5.901	10.392	5.669	5.300	6.221	6.114	6.384	5.185	4.275	4.080	4.764	2.998	5.007	5.073	7.470	2.031	5.194	4.772	2.220	2.734	3.972	5.200	2.253	2.743	4.923	3.017	1.940	4.234	5.421	4.959	5.245	5.651	0.000	5.926	3.245	4.414	4.066	0.048	1.851	3.163	1.647	2.151	1.924	4.830	5.348	5.121	5.169	3.352	0.000	5.884	0.000	1.720	4.914	4.589	0.637	3.419	4.384	0.971	4.802	1.900	3.286	4.149	2.075
2.699	2.356	1.226	0.516	0.000	3.384	0.000	3.527	1.573	1.610	2.959	1.832	0.000	1.510	1.791	0.518	1.736	1.496	0.000	0.674	2.070	4.661	3.234	3.751	0.000	3.420	2.074	3.051	3.349	0.000	2.310	2.638	0.585	2.864	2.930	3.097	2.013	2.186	4.342	2.161	3.462	5.179	6.839	4.325	5.482	4.993	5.102	7.163	7.617	3.484	6.936	5.265	8.000	6.195	6.448	8.286	8.000	7.772	8.348	5.576	4.751	7.934	8.332	7.330	3.933	6.271	5.227	2.507	6.139	0.941	8.292	4.516	5.254	5.352	3.966	4.560	4.147	3.947	4.899	4.569	5.768	4.082	4.285	3.351	5.345	4.158	3.250	3.322	4.113	0.759	4.672	2.831	3.176	3.163	4.284	1.535	3.033	2.384	3.019	5.013	5.584	4.758	3.961	0.636	3.308	3.366	2.828	4.680	4.709	2.986	0.000	1.299	2.170	2.649	4.694	3.028	3.325	2.321	0.398	3.749
0.928	0.000	2.656	1.880	1.036	0.629	4.457	0.014	1.828	0.000	0.982	1.846	1.494	1.117	3.937	0.000	4.176	0.707	1.973	1.846	1.597	0.246	0.711	1.390	0.873	4.057	3.627	0.000	0.000	4.010	2.744	0.918	0.583	3.374	1.529	3.045	3.738	2.504	4.013	1.995	3.221	2.669	7.252	2.757	6.618	2.348	7.059	6.444	6.074	6.185	6.577	5.022	4.157	6.914	6.405	5.901	7.772	8.000	8.107	6.230	6.899	7.980	8.620	7.850	7.110	7.196	5.532	3.159	7.739	4.367	3.337	4.810	5.501	4.005	5.342	4.568	3.690	5.681	4.975	5.629	3.451	3.981	3.745	2.745	3.131	5.923	3.136	3.535	6.099	3.332	2.084	4.530	2.688	5.389	4.083	4.569	1.007	2.428	5.448	0.654	2.275	5.137	1.933	2.568	3.196	1.475	2.908	1.378	3.917	5.171	0.387	7.146	5.000	1.295	4.575	1.612	5.863	1.674	2.296	2.798
0.000	0.000	0.000	1.505	3.789	0.681	1.832	0.000	3.353	3.357	3.693	2.032	0.000	0.890	3.172	0.000	3.102	1.276	0.000	1.611	0.859	2.486	0.375	1.873	0.646	2.144	3.648	0.000	0.773	0.114	3.311	0.329	0.746	3.846	1.203	0.457	3.569	1.450	2.246	2.449	7.577	2.426	7.062	6.347	3.015	6.154	3.106	5.146	4.116	7.778	5.964	7.259	6.717	5.300	6.564	10.392	8.348	8.107	8.000	6.777	6.393	8.721	6.385	3.164	4.909	5.107	7.511	5.215	4.489	6.357	4.868	4.205	7.003	5.166	5.420	3.347	5.402	6.336	4.766	4.071	6.326	3.385	5.981	4.352	2.836	4.587	5.718	3.730	0.821	4.962	2.957	0.000	4.833	5.506	5.080	1.816	2.783	3.435	4.547	4.672	0.000	5.752	4.368	2.843	4.446	3.058	3.075	2.751	0.017	2.493	2.684	4.222	3.108	5.226	3.342	3.118	4.212	0.431	3.071	2.997
0.000	0.021	2.863	2.343	1.810	0.000	0.000	0.000	0.000	0.000	0.000	0.673	2.341	2.461	3.357	0.000	0.025	0.000	3.852	0.596	0.000	1.234	0.000	3.172	2.872	3.447	2.332	1.736	2.307	0.233	1.883	4.299	0.000	2.741	4.178	0.000	1.299	4.904	1.062	3.326	4.236	6.097	4.643	3.311	5.628	6.185	8.742	4.577	4.649	4.977	8.693	6.078	3.720	7.540	6.932	5.669	5.576	6.230	6.777	8.000	7.162	6.726	7.234	6.494	7.829	4.588	6.193	5.012	7.303	8.726	3.722	4.732	3.395	2.500	4.325	4.579	6.099	4.521	1.841	2.650	3.482	7.149	5.447	4.928	1.384	3.755	5.167	1.995	1.413	4.295	1.710	6.331	3.057	3.563	4.969	0.646	3.813	3.380	5.556	2.125	3.743	4.926	3.956	3.271	2.631	3.575	4.596	2.347	2.848	4.649	1.060	5.215	4.117	4.635	3.612	1.385	0.699	6.026	4.667	2.704
0.000	0.000	1.530	2.418	0.984	1.637	0.545	1.016	1.781	0.000	0.000	0.489	3.587	2.859	2.128	1.098	2.651	2.851	0.000	0.023	2.512	3.598	0.721	0.663	3.569	1.267	0.996	2.752	1.608	1.566	2.191	1.374	3.781	1.749	2.897	0.586	2.166	2.256	0.328	0.453	3.127	5.534	5.941	4.674	3.731	3.757	5.321	4.788	5.719	7.455	4.391	5.295	6.265	6.787	8.321	5.300	4.751	6.899	6.393	7.162	8.000	6.723	7.401	7.928	9.320	3.351	5.910	3.857	5.581	4.371	5.434	3.611	4.089	6.733	5.195	4.462	3.246	2.557	7.824	5.514	2.192	5.140	4.043	3.354	7.372	4.793	6.360	5.800	3.631	1.419	6.505	5.024	2.688	3.016	6.638	0.000	0.772	7.255	2.234	3.328	1.801	4.598	3.442	3.700	4.321	3.249	2.811	2.415	3.952	0.162	5.846	4.131	4.095	3.635	5.173	0.000	6.502	3.440	2.818	3.261
0.619	2.042	1.117	0.515	3.503	0.000	0.000	0.562	2.494	1.959	0.921	3.065	0.000	0.303	1.149	2.102	1.024	1.723	0.000	0.000	2.308	2.763	3.247	0.000	0.000	0.799	0.000	2.464	1.666	4.419	2.241	1.012	4.788	4.126	2.495	1.487	1.567	2.785	1.241	2.942	5.914	3.808	4.727	5.350	6.913	5.040	3.166	5.123	4.923	5.043	6.932	4.034	5.149	4.450	8.601	6.221	7.934	7.980	8.721	6.726	6.723	8.000	7.167	6.871	6.522	7.813	7.162	7.842	5.479	4.652	6.378	6.642	6.686	6.172	4.897	2.606	3.541	3.374	4.577	3.011	1.597	4.583	6.006	4.629	4.544	3.672	4.862	4.603	2.591	3.149	3.933	2.320	2.825	6.042	2.918	3.381	4.198	1.954	2.698	1.312	3.912	1.732	2.284	0.520	1.434	2.541	3.148	2.399	4.951	2.555	4.168	4.041	2.690	1.557	3.515	2.195	4.431	4.743	3.838	3.123
1.449	3.044	2.756	2.403	0.000	0.193	0.397	0.000	0.035	0.866	2.499	0.000	0.343	0.000	2.774	2.227	0.769	0.860	0.000	5.122	0.000	4.279	0.000	0.000	4.406	0.000	2.127	0.000	0.307	0.778	3.079	3.380	4.812	2.420	4.265	2.720	1.824	0.745	4.051	1.235	4.779	3.357	7.197	4.400	2.901	4.749	5.620	3.648	4.830	2.905	3.830	5.429	4.308	4.479	5.766	6.114	8.332	8.620	6.385	7.234	7.401	7.167	8.000	6.523	5.415	7.623	7.363	8.350	6.247	6.522	6.954	5.150	5.471	4.107	4.043	5.139	6.224	5.821	5.924	4.202	2.993	4.988	1.808	3.879	2.506	5.663	5.393	4.630	2.536	4.554	4.646	2.684	2.961	3.503	1.817	3.455	2.645	4.433	2.038	3.928	5.114	4.612	3.998	4.341	0.670	3.814	2.385	2.736	4.980	2.839	3.083	2.666	3.857	6.431	2.025	0.984	3.834	0.454	2.505	1.001
3.938	4.546	0.000	0.990	0.603	0.000	2.441	1.111	0.203	0.000	0.000	0.571	0.000	0.446	0.717	1.594	0.557	3.878	2.919	1.236	0.000	0.064	1.759	1.108	2.177	0.903	1.672	0.000	2.403	0.200	1.548	1.546	0.192	3.141	0.692	2.096	3.094	2.508	0.000	2.344	5.292	3.513	1.417	3.104	6.477	3.855	4.461	4.336	7.153	5.013	4.609	3.251	4.526	6.563	5.534	6.384	7.330	7.850	3.164	6.494	7.928	6.871	6.523	8.000	5.226	6.458	5.223	7.034	6.676	5.482	7.187	4.385	6.805	6.079	7.313	4.475	6.008	3.159	4.044	1.952	2.628	3.032	3.066	5.936	5.343	5.775	7.004	5.379	3.939	5.701	1.666	2.208	3.705	1.899	3.838	3.127	2.262	0.000	3.816	1.682	5.815	3.233	4.456	4.120	3.477	5.143	3.358	2.060	2.962	5.624	3.053	1.440	0.800	3.886	2.343	2.326	2.628	2.691	4.345	0.670
1.035	2.400	1.492	0.000	1.601	2.929	2.981	3.396	0.000	0.000	2.119	0.804	1.299	1.330	0.000	0.506	1.367	0.000	2.157	0.777	0.937	1.331	0.849	3.146	2.808	0.315	1.564	3.838	1.768	2.894	4.373	0.799	1.133	0.000	0.345	0.000	1.107	0.000	2.663	2.411	2.996	4.300	4.760	6.380	3.890	6.763	5.370	3.029	5.412	4.747	4.829	4.030	4.652	2.434	5.643	5.185	3.933	7.110	4.909	7.829	9.320	6.522	5.415	5.226	8.000	7.929	4.206	9.467	9.014	4.736	8.600	6.171	5.609	7.773	6.542	6.311	5.138	5.526	5.389	3.410	5.627	4.895	3.616	5.738	4.415	0.305	2.344	6.628	3.157	1.162	3.431	4.405	2.723	5.031	3.878	2.257	0.903	2.117	3.444	2.445	3.885	4.634	3.107	2.756	0.674	0.628	3.062	4.301	3.708	2.907	2.788	2.976	4.941	4.770	3.052	3.624	3.694	3.214	2.014	4.796
2.060	0.000	0.139	4.045	1.502	4.114	2.601	2.151	0.393	3.930	2.484	0.386	0.000	3.167	3.261	2.043	4.084	0.000	0.669	0.000	0.000	0.000	2.185	0.000	0.000	0.935	0.180	0.000	2.253	3.339	2.725	0.277	4.202	1.289	3.364	1.072	1.193	0.000	0.270	0.116	5.075	4.738	4.437	4.917	2.147	3.423	5.337	5.528	4.150	4.119	4.171	6.986	4.435	4.553	6.271	4.275	6.271	7.196	5.107	4.588	3.351	7.813	7.623	6.458	7.929	8.000	7.107	8.267	6.924	9.301	5.738	6.767	7.182	4.680	5.300	3.944	6.193	3.327	6.555	4.546	5.087	2.277	7.171	1.218	4.540	1.877	2.805	1.396	5.459	3.745	3.915	6.506	5.504	3.131	3.452	3.777	1.546	3.842	6.413	4.830	3.530	2.719	4.110	0.215	1.037	4.342	3.876	5.602	2.463	2.928	3.681	2.526	4.350	2.626	1.603	3.911	3.632	4.696	4.414	0.612
