8.000	10.183	8.691	4.130	5.892	3.673	5.670	7.708	7.410	5.810	7.133	5.006	4.742	3.954	5.467	5.972	4.872	3.731	6.617	4.452	6.788	4.216	3.839	3.617	2.090	1.803	2.771	5.050	3.163	2.263	5.237	1.678	2.624	0.902	3.660	0.246	2.686	2.898	4.479	1.952	2.189	4.750	3.421	3.026	1.577	2.860	6.955	3.447	2.026	3.497	2.763	7.508	3.605	3.331	5.875	2.961	4.699	2.928	1.381	1.566	0.586	2.619	3.449	5.938	3.035	4.060	3.082	3.978	4.466	2.482	3.537	3.871	2.766	2.917	2.207	0.664	3.752	0.000	0.640	5.452	2.377	0.000	0.612	0.000	0.000	0.000	2.339	1.271	1.409	2.678	1.588	3.239	3.488	2.156	0.000	0.000	1.238	1.806	0.189	1.804	0.000	3.240	2.021	1.612	0.421	1.186	0.000	4.167	1.415	4.141	1.263	2.602	0.879	3.952	0.000	0.000	1.411	0.057	3.592	1.883
10.183	8.000	8.246	7.913	7.704	6.081	5.804	6.037	4.035	4.973	9.170	7.015	5.151	3.377	6.412	6.287	4.824	5.529	5.114	3.905	6.441	3.997	6.280	3.577	3.687	2.919	0.935	5.803	5.534	3.251	4.150	2.168	3.116	4.411	3.739	0.513	1.499	2.934	2.516	5.092	4.479	2.064	5.794	3.535	0.218	0.000	4.248	4.900	1.691	4.497	2.780	4.739	1.829	3.462	2.141	4.162	4.356	0.000	0.000	2.021	1.340	4.042	5.044	6.546	4.400	0.000	3.456	7.814	2.190	3.965	2.461	4.650	3.046	2.265	1.786	0.000	0.789	6.159	6.046	2.690	2.846	0.446	4.562	0.857	4.028	0.066	0.000	4.104	5.667	0.000	1.304	1.850	0.422	1.764	1.054	1.864	0.977	0.000	3.242	1.146	3.270	3.775	0.000	2.300	1.928	3.602	2.039	1.177	3.456	0.782	0.825	2.165	2.240	1.243	3.618	0.984	1.643	0.641	0.000	0.618
8.691	8.246	8.000	9.067	5.808	8.063	4.181	6.185	6.997	4.376	6.617	5.339	6.694	5.204	1.137	3.242	4.561	6.690	4.850	0.943	5.687	3.289	4.295	4.994	5.459	5.393	5.092	4.400	2.008	2.747	6.140	1.551	7.049	2.326	5.288	3.499	2.623	4.970	1.350	5.059	3.965	3.030	3.311	0.977	1.783	1.343	0.537	3.372	5.743	2.078	2.917	0.971	3.635	0.806	4.373	5.740	3.226	4.656	1.920	4.863	3.530	3.117	4.756	1.998	3.492	2.139	2.794	4.904	0.139	0.000	1.439	4.109	4.388	0.000	0.793	5.106	1.687	0.000	3.196	4.924	0.000	4.823	0.188	0.000	0.000	2.464	0.000	2.222	0.000	0.000	0.000	0.000	2.592	1.629	0.000	0.000	3.184	1.935	1.627	0.610	3.239	2.443	0.000	0.947	0.000	2.014	0.559	1.119	0.000	0.000	1.682	0.476	0.315	0.000	0.835	1.035	3.115	1.423	0.000	3.152
4.130	7.913	9.067	8.000	10.860	7.801	6.181	6.143	5.559	5.783	4.989	8.466	5.364	6.159	7.203	6.951	4.231	5.391	3.284	8.006	6.287	1.905	6.400	4.146	2.052	4.677	3.910	4.249	5.242	2.532	4.148	3.684	4.962	3.520	5.567	4.988	0.335	2.705	2.325	3.820	3.586	2.441	5.773	0.911	3.214	5.550	4.460	3.334	2.827	1.460	0.982	0.550	1.793	3.638	5.359	1.969	2.516	3.880	3.505	4.343	4.418	2.515	4.403	2.990	1.768	6.045	3.398	4.609	3.775	1.769	2.309	0.369	3.774	2.761	3.808	3.910	0.000	1.669	4.452	4.380	0.404	0.424	0.000	0.285	0.469	2.203	3.295	0.000	1.388	1.337	3.620	1.031	0.058	0.824	2.980	1.776	0.087	0.697	1.447	1.284	3.955	1.920	0.659	0.732	1.079	1.500	0.000	0.738	2.073	0.000	0.279	0.000	0.000	0.000	1.405	1.701	0.000	2.076	0.000	0.531
5.892	7.704	5.808	10.860	8.000	10.330	9.267	6.525	6.140	9.091	1.940	7.727	4.959	6.278	2.957	5.117	4.375	4.422	4.505	4.368	6.196	4.630	7.219	3.919	5.959	3.275	3.812	3.417	5.449	4.323	2.967	5.002	1.524	3.544	2.578	3.251	3.809	0.707	5.511	2.643	5.032	7.471	4.521	2.421	3.299	6.443	2.941	4.081	5.495	4.630	3.614	7.962	3.456	1.878	4.672	2.995	1.422	3.036	5.789	3.810	2.984	5.503	0.000	2.603	3.601	3.502	3.058	5.174	1.727	3.629	1.113	6.523	6.001	1.624	3.431	2.417	2.215	2.143	3.442	1.872	0.035	0.000	2.898	5.441	1.557	2.200	1.071	3.874	0.739	0.000	0.690	0.000	3.223	5.179	4.180	2.431	0.000	0.947	0.000	0.851	1.365	1.435	0.276	1.168	2.636	1.108	0.000	1.358	0.000	0.827	0.000	1.747	2.344	0.371	0.045	0.735	2.090	0.000	0.650	1.357
3.673	6.081	8.063	7.801	10.330	8.000	6.290	6.386	6.903	7.721	8.017	7.138	6.477	8.387	7.899	8.020	5.352	4.583	5.654	4.924	5.771	4.592	1.835	3.967	4.708	1.877	5.863	7.918	5.729	5.193	3.894	4.906	3.982	1.330	4.495	4.149	3.336	5.482	0.629	3.756	3.046	2.585	2.732	3.722	3.561	3.244	4.889	0.994	3.279	2.638	5.168	3.867	4.145	4.093	1.279	1.892	5.384	2.629	2.681	1.286	3.637	0.607	2.193	1.848	4.929	6.114	4.147	4.357	3.629	6.102	3.298	4.983	1.484	4.217	3.927	1.584	3.433	3.552	3.322	3.775	0.083	0.000	1.345	3.106	0.165	0.000	0.232	5.198	0.616	3.153	0.000	0.000	2.583	2.458	4.490	0.000	0.000	0.000	2.559	4.041	2.846	2.470	0.000	0.000	0.000	0.000	1.200	0.235	0.000	0.843	3.126	0.000	0.000	1.462	0.835	2.237	0.311	1.986	0.000	0.899
5.670	5.804	4.181	6.181	9.267	6.290	8.000	9.027	7.163	6.667	7.833	8.486	6.987	9.235	4.689	8.076	6.011	3.144	5.441	5.781	4.482	6.171	5.099	4.067	5.329	4.557	5.011	3.287	4.450	3.735	4.226	1.538	3.357	2.347	5.678	1.667	5.382	4.303	8.114	4.206	4.615	5.640	4.603	1.451	0.340	1.436	4.506	3.609	4.591	2.798	4.578	4.890	4.146	3.143	3.437	1.647	1.086	6.457	3.832	1.179	2.545	1.915	2.397	4.441	4.981	4.601	2.088	2.863	2.489	7.232	4.449	5.414	3.527	1.295	5.511	3.730	5.270	0.664	7.175	1.404	1.546	0.959	0.000	1.105	2.872	0.000	2.572	0.000	2.245	0.414	0.477	0.000	3.142	0.000	0.000	1.557	4.320	0.460	1.537	2.082	0.402	2.875	0.000	1.577	3.379	1.725	3.051	1.303	0.000	2.857	0.000	0.000	0.873	1.680	0.214	1.479	2.544	0.000	3.049	1.318
7.708	6.037	6.185	6.143	6.525	6.386	9.027	8.000	7.463	6.755	6.651	6.835	5.310	6.034	7.497	5.967	5.365	6.461	5.706	3.167	6.531	4.178	5.606	4.135	5.526	4.734	6.530	2.883	6.875	5.883	3.196	4.737	5.494	1.535	1.549	4.808	4.501	2.104	4.505	2.660	3.749	3.528	4.076	7.672	3.380	1.442	7.520	5.609	1.686	3.299	2.095	2.308	2.753	4.511	1.504	3.415	5.527	2.014	0.924	1.384	3.016	2.562	0.599	3.111	5.396	4.151	2.492	6.123	1.040	3.140	3.633	5.603	2.267	1.809	3.399	2.752	5.821	3.352	2.061	0.000	1.561	1.504	1.026	0.991	0.000	1.951	1.530	0.000	3.085	1.385	0.000	0.000	0.100	1.772	1.329	0.000	2.798	3.418	1.269	1.420	1.002	0.339	0.000	1.213	0.908	1.720	1.753	0.000	1.407	3.620	0.000	2.348	0.000	3.009	0.875	1.587	0.000	1.011	0.000	1.797
7.410	4.035	6.997	5.559	6.140	6.903	7.163	7.463	8.000	7.531	10.013	4.694	8.169	8.211	4.782	6.084	5.917	6.196	7.206	6.185	4.729	6.246	5.225	1.041	6.535	2.216	4.120	4.649	5.185	2.560	3.297	4.959	6.860	3.877	3.549	5.392	5.056	4.200	4.562	0.915	2.395	3.985	1.864	5.556	3.308	3.702	5.803	3.086	4.258	3.496	3.148	2.459	3.177	4.166	3.486	0.259	3.573	3.828	5.353	1.766	3.781	4.494	2.035	2.203	0.298	2.393	4.186	4.307	5.814	3.266	1.888	3.482	6.012	1.988	4.397	3.069	5.139	3.469	0.000	2.865	0.926	2.625	0.000	2.191	1.515	3.561	0.129	1.860	2.754	0.800	0.000	0.265	0.101	0.172	2.295	4.177	0.916	3.406	1.573	3.913	2.609	2.450	1.150	0.698	0.000	0.955	2.777	0.662	0.000	2.743	0.379	3.142	4.750	0.000	0.000	0.000	1.704	0.366	0.000	3.407
4.452	3.905	0.943	8.006	4.368	4.924	5.781	3.167	6.185	7.674	5.287	5.071	7.124	5.004	7.827	5.208	6.637	8.198	8.122	8.000	6.465	7.941	6.055	6.471	6.901	4.315	7.621	7.388	9.785	10.227	6.629	4.027	5.346	8.960	6.156	5.660	6.810	4.609	5.474	3.367	4.879	6.772	3.106	2.818	2.172	4.523	5.501	0.348	3.132	1.126	4.210	2.717	4.940	5.957	2.139	2.195	2.674	3.846	3.611	2.596	2.023	1.728	7.122	3.236	2.777	1.954	4.465	3.885	3.939	0.093	1.439	3.648	3.725	5.989	1.291	2.440	2.802	1.822	2.997	5.269	3.173	0.000	1.504	0.000	0.163	2.704	1.011	0.548	3.379	3.011	0.783	0.000	1.267	0.000	1.374	0.257	2.272	0.000	2.118	0.000	3.415	0.000	0.000	0.350	0.000	0.000	2.683	1.361	2.357	1.060	0.000	1.763	3.020	3.189	1.330	0.931	1.427	1.238	1.972	4.279
6.788	6.441	5.687	6.287	6.196	5.771	4.482	6.531	4.729	5.754	6.182	4.514	4.959	5.123	6.093	2.751	7.233	8.084	7.079	6.465	8.000	4.052	5.817	5.113	6.901	5.097	5.497	5.332	5.978	5.635	5.846	5.884	5.872	6.416	4.667	6.383	2.384	3.965	4.095	5.815	6.916	2.940	2.980	5.385	3.721	4.870	3.576	6.262	4.469	4.034	5.076	3.185	3.038	3.415	3.856	4.152	4.070	3.597	2.859	1.031	4.512	4.308	1.116	1.388	2.937	1.901	0.736	4.201	3.057	3.234	4.105	2.400	4.804	2.664	3.972	2.191	3.414	2.233	1.241	4.401	0.000	1.494	0.000	0.000	0.048	0.479	1.127	0.455	0.000	2.932	0.000	0.610	1.375	4.439	1.786	4.880	1.101	3.270	1.398	0.000	0.924	0.000	4.609	2.309	0.866	0.000	0.857	0.000	2.352	0.100	0.000	3.608	2.083	0.000	1.122	2.659	0.221	0.000	0.000	2.080
4.216	3.997	3.289	1.905	4.630	4.592	6.171	4.178	6.246	8.241	7.463	6.207	4.270	6.410	5.713	4.106	8.766	5.402	8.088	7.941	4.052	8.000	8.606	5.250	4.828	7.539	6.078	6.192	5.573	5.832	6.123	3.585	7.808	6.057	7.290	3.478	3.458	3.960	3.650	3.767	4.971	6.466	6.715	5.325	5.105	2.418	3.924	4.918	3.296	2.599	6.753	3.299	3.031	4.758	3.975	0.558	6.661	2.246	4.486	3.234	5.598	4.763	6.279	2.064	3.331	1.738	3.073	1.991	3.197	5.166	1.423	7.413	6.644	3.949	1.578	5.050	4.175	4.408	3.981	2.828	0.586	2.373	0.000	0.000	1.807	1.615	4.171	0.000	0.617	1.260	2.750	1.154	0.694	0.225	0.000	5.636	1.876	0.550	0.000	0.000	1.459	0.721	0.533	0.000	0.000	0.546	0.000	1.648	4.613	0.000	3.360	0.000	0.000	2.511	2.039	2.444	1.555	1.471	0.000	0.097
3.839	6.280	4.295	6.400	7.219	1.835	5.099	5.606	5.225	5.463	5.995	5.483	4.686	8.207	6.415	8.066	6.956	7.381	8.039	6.055	5.817	8.606	8.000	8.905	8.002	7.967	7.754	8.170	3.946	5.394	6.008	6.148	7.426	5.959	4.042	5.680	3.863	6.950	5.988	2.106	4.084	2.910	4.221	3.049	2.586	5.618	5.819	4.213	5.024	2.278	5.832	4.612	3.924	4.511	4.917	6.894	5.234	2.711	2.375	1.911	2.721	5.247	0.251	3.759	2.849	4.185	2.396	6.008	0.000	3.741	3.348	2.170	3.838	2.531	2.797	0.940	4.308	1.865	2.255	3.787	0.000	0.000	0.120	0.431	1.846	0.220	0.000	1.245	3.421	1.943	1.412	0.540	0.483	0.000	1.390	0.971	0.000	0.000	1.110	2.388	2.176	0.000	0.000	0.000	0.438	2.572	0.000	0.000	0.345	1.404	1.346	0.000	0.000	0.000	1.664	0.000	0.000	3.508	1.940	0.000
3.617	3.577	4.994	4.146	3.919	3.967	4.067	4.135	1.041	5.810	5.681	5.778	5.842	5.616	4.584	9.181	5.988	4.984	6.517	6.471	5.113	5.250	8.905	8.000	6.624	7.614	5.392	4.572	8.455	6.518	6.403	7.199	7.845	5.125	5.755	3.102	6.841	4.124	2.776	3.708	4.419	6.404	5.383	1.919	3.776	3.451	2.966	0.468	0.565	5.898	5.056	3.242	5.393	5.516	4.850	4.130	5.751	3.390	3.873	5.172	2.663	1.277	1.559	3.108	5.146	0.000	4.702	1.241	2.763	2.811	5.825	6.794	5.468	4.170	4.098	2.763	3.076	5.305	4.145	0.844	3.772	1.589	0.252	0.750	0.024	0.623	1.014	2.819	1.380	1.772	1.364	0.000	0.873	0.000	0.175	2.313	0.000	0.651	0.000	2.754	0.000	1.875	0.000	0.000	1.435	3.519	2.145	1.834	2.546	1.275	0.000	0.593	0.000	4.021	0.000	0.000	0.833	2.466	1.984	1.972
2.090	3.687	5.459	2.052	5.959	4.708	5.329	5.526	6.535	3.392	5.184	7.461	2.905	7.833	4.312	4.966	7.934	4.968	6.696	6.901	6.901	4.828	8.002	6.624	8.000	10.901	8.281	6.368	6.532	10.473	5.802	5.575	4.695	6.487	4.596	5.636	3.297	4.617	5.675	4.038	3.231	4.063	1.357	5.452	0.018	2.700	4.159	3.815	0.532	3.671	4.045	2.743	2.932	2.939	1.772	3.657	0.653	2.873	2.646	4.872	5.569	1.288	6.406	4.177	4.808	0.540	0.000	4.435	0.000	4.244	3.442	0.295	4.856	5.313	3.417	2.719	2.782	4.491	3.648	3.429	2.678	0.808	0.000	2.230	1.827	0.525	0.852	3.130	0.000	0.000	2.370	2.191	1.645	1.930	1.287	0.000	3.332	1.464	3.285	0.000	2.057	2.977	1.408	2.299	0.000	3.105	4.376	0.800	0.119	2.402	6.048	0.534	0.509	4.927	0.934	1.380	0.830	0.441	1.419	3.261
1.803	2.919	5.393	4.677	3.275	1.877	4.557	4.734	2.216	2.612	5.553	5.709	4.343	8.567	3.116	4.509	6.280	5.189	5.460	4.315	5.097	7.539	7.967	7.614	10.901	8.000	5.612	10.774	6.240	8.095	6.476	3.828	3.807	5.458	5.574	5.875	5.686	6.047	5.090	1.751	5.483	7.783	5.782	4.566	4.825	2.673	0.969	4.652	5.050	4.586	2.572	0.927	3.895	3.915	2.809	2.207	5.420	6.057	4.144	5.447	3.267	2.799	0.000	2.903	2.315	2.935	4.458	2.155	2.541	3.510	2.800	1.278	1.183	2.666	3.609	3.748	1.372	4.233	3.951	3.628	4.187	0.000	0.811	3.583	1.417	0.744	1.275	0.000	1.127	3.351	1.446	1.809	0.000	1.484	1.290	0.000	1.492	2.214	2.743	0.205	1.784	0.267	0.289	3.125	0.000	0.187	0.000	0.000	4.135	0.000	2.377	3.799	0.000	2.901	2.192	0.986	0.881	0.000	2.563	0.213
2.771	0.935	5.092	3.910	3.812	5.863	5.011	6.530	4.120	4.615	2.314	4.307	3.867	6.252	3.141	4.729	4.254	7.645	6.407	7.621	5.497	6.078	7.754	5.392	8.281	5.612	8.000	7.743	8.723	7.018	4.389	5.633	4.464	4.846	6.620	4.357	3.744	3.695	5.121	4.326	6.931	4.615	4.778	2.339	4.011	3.495	4.120	6.970	6.419	3.146	3.883	2.526	0.353	3.335	5.409	3.134	4.074	5.627	5.648	4.332	2.996	1.113	4.127	3.672	3.564	2.180	3.521	3.374	4.722	4.754	4.950	2.802	2.350	3.197	5.411	4.850	2.798	4.294	3.196	1.215	2.136	0.000	2.001	0.528	0.000	0.000	0.000	2.236	3.794	0.000	0.000	0.000	5.305	2.951	0.147	0.000	1.059	1.161	2.191	0.000	3.332	2.490	3.698	1.974	1.271	0.000	0.845	3.620	1.011	2.172	0.999	2.319	0.424	0.000	1.770	2.148	0.426	0.000	0.000	6.087
5.050	5.803	4.400	4.249	3.417	7.918	3.287	2.883	4.649	7.050	3.019	6.908	8.636	3.173	2.417	8.091	7.505	5.338	6.449	7.388	5.332	6.192	8.170	4.572	6.368	10.774	7.743	8.000	7.412	6.074	4.322	7.386	5.841	7.228	4.779	6.388	6.102	5.894	6.538	4.412	6.650	4.610	3.336	3.853	4.192	6.703	5.482	6.445	3.922	4.077	3.733	3.273	5.365	1.409	2.429	2.898	5.051	0.829	1.027	3.736	4.752	4.464	1.816	0.473	5.838	1.790	3.364	0.957	4.551	1.216	2.070	5.899	2.343	5.747	4.354	3.303	5.865	3.658	5.861	3.129	0.587	0.000	0.000	0.961	1.283	0.966	4.515	1.599	0.000	0.621	2.718	0.735	0.000	1.363	0.916	0.846	2.303	1.780	0.226	1.022	0.655	2.868	1.249	3.639	3.654	0.000	1.407	2.144	1.651	0.000	0.420	0.437	2.161	0.000	0.000	0.000	2.536	0.000	0.000	3.535
3.163	5.534	2.008	5.242	5.449	5.729	4.450	6.875	5.185	2.680	2.019	3.773	7.950	6.224	5.588	5.713	2.117	6.782	7.109	9.785	5.978	5.573	3.946	8.455	6.532	6.240	8.723	7.412	8.000	9.854	8.969	7.364	3.588	5.114	7.649	7.943	6.283	7.796	5.437	5.209	6.677	5.717	4.599	3.611	2.183	6.067	4.590	5.049	3.329	3.551	2.865	7.029	3.547	2.256	3.825	4.324	5.349	0.378	2.773	4.307	3.608	3.666	2.307	4.403	3.768	4.253	1.747	6.159	2.580	4.715	3.181	2.424	1.474	1.284	3.407	2.869	6.463	2.472	1.872	4.907	1.288	1.898	0.000	0.000	0.000	0.371	1.197	1.293	0.000	0.000	0.000	0.999	1.241	1.807	0.000	1.986	2.457	0.000	0.000	1.927	3.307	2.460	1.062	0.000	0.000	0.000	0.000	0.000	2.091	2.353	3.556	3.783	2.591	3.254	1.246	2.676	0.785	1.946	0.000	1.023
2.263	3.251	2.747	2.532	4.323	5.193	3.735	5.883	2.560	6.661	2.424	4.957	4.650	5.423	5.674	5.991	4.384	7.326	6.402	10.227	5.635	5.832	5.394	6.518	10.473	8.095	7.018	6.074	9.854	8.000	9.764	5.500	7.844	5.360	6.470	6.161	7.317	5.394	5.143	5.712	8.088	5.999	4.349	3.358	2.525	5.815	3.511	6.747	0.000	5.085	3.930	5.146	7.069	4.834	2.261	3.640	1.670	6.010	2.114	2.233	3.566	6.419	2.778	2.200	4.894	5.339	2.619	4.054	5.059	6.271	0.000	5.601	4.019	6.728	3.072	5.718	4.682	3.336	3.491	1.155	3.796	1.605	3.102	3.372	0.883	3.405	3.019	1.512	0.000	1.994	0.957	0.000	3.079	0.000	0.279	2.867	3.398	1.545	2.852	5.192	1.840	0.000	1.034	0.743	1.443	0.000	1.278	0.000	1.387	1.369	2.397	1.499	0.000	1.794	1.321	0.776	0.000	0.371	0.000	1.555
5.237	4.150	6.140	4.148	2.967	3.894	4.226	3.196	3.297	5.105	4.317	2.088	5.880	4.886	4.890	3.170	5.040	5.106	7.641	6.629	5.846	6.123	6.008	6.403	5.802	6.476	4.389	4.322	8.969	9.764	8.000	7.898	6.718	7.220	6.885	7.135	6.938	6.989	7.352	6.519	6.128	5.290	4.129	5.331	4.796	5.635	5.769	3.463	1.301	5.384	6.297	6.395	3.597	5.978	3.374	3.434	4.310	4.744	5.311	3.883	4.191	4.241	5.079	3.548	6.373	4.725	4.288	3.578	4.235	4.337	2.088	2.614	1.179	5.713	5.727	4.409	2.934	0.000	3.075	3.551	1.360	1.401	3.715	3.618	3.470	3.022	2.763	3.374	1.004	3.250	0.000	2.042	0.000	0.000	0.000	3.594	0.000	3.352	0.000	3.957	0.061	4.010	0.354	1.135	2.624	0.000	0.000	3.703	2.153	1.558	0.000	1.695	0.427	0.000	2.913	1.697	0.570	2.176	1.214	0.000
1.678	2.168	1.551	3.684	5.002	4.906	1.538	4.737	4.959	2.072	2.921	4.886	1.817	4.461	3.902	5.706	4.787	6.975	6.646	4.027	5.884	3.585	6.148	7.199	5.575	3.828	5.633	7.386	7.364	5.500	7.898	8.000	8.215	7.279	6.649	4.449	6.533	6.676	5.401	9.047	6.105	5.666	6.022	3.469	6.648	4.986	6.724	4.273	2.433	5.200	1.512	4.513	2.763	4.518	5.517	2.324	4.638	2.918	2.329	6.299	3.374	3.012	5.380	3.546	2.799	2.277	5.297	3.614	1.559	4.794	1.536	1.044	2.252	2.600	2.917	5.561	5.795	2.947	0.000	3.356	0.000	1.338	1.163	0.000	1.500	1.843	1.433	2.070	0.000	1.095	2.616	1.323	2.001	0.000	0.579	1.482	3.224	1.544	0.000	3.682	1.654	2.371	2.557	0.000	0.000	0.000	3.098	3.613	2.350	0.684	1.990	1.364	0.000	1.965	0.411	0.000	0.638	2.412	2.350	0.000
2.624	3.116	7.049	4.962	1.524	3.982	3.357	5.494	6.860	3.329	2.944	3.457	4.940	4.479	4.328	5.020	3.750	5.200	6.319	5.346	5.872	7.808	7.426	7.845	4.695	3.807	4.464	5.841	3.588	7.844	6.718	8.215	8.000	6.417	9.819	7.233	5.413	8.164	6.829	4.950	6.526	7.009	5.591	5.765	6.021	5.043	4.785	4.689	3.068	8.552	4.929	5.413	4.102	5.268	3.976	2.518	2.585	2.583	2.746	1.144	5.781	6.788	6.812	2.192	3.133	6.202	2.596	3.599	2.838	3.230	5.154	7.446	3.586	3.569	2.111	1.852	2.000	3.963	0.000	2.297	1.853	1.917	0.000	2.029	2.921	2.911	0.000	2.211	1.845	0.000	0.989	0.171	1.696	2.083	1.850	0.000	0.293	1.375	0.428	2.758	3.002	2.522	0.917	1.013	1.635	3.589	2.321	0.339	0.722	4.700	0.000	3.883	2.141	0.000	0.000	2.635	0.107	2.284	1.142	2.607
0.902	4.411	2.326	3.520	3.544	1.330	2.347	1.535	3.877	6.184	5.088	3.744	5.906	3.104	2.958	4.291	5.840	4.978	6.525	8.960	6.416	6.057	5.959	5.125	6.487	5.458	4.846	7.228	5.114	5.360	7.220	7.279	6.417	8.000	4.865	6.314	7.665	4.714	6.245	8.214	5.398	5.651	4.566	5.985	4.479	4.451	3.693	5.471	4.241	4.684	3.485	6.604	4.176	2.331	3.588	1.185	4.864	5.374	5.846	4.741	3.749	6.126	4.420	5.141	1.097	3.289	5.506	0.825	3.814	2.429	2.745	3.062	4.765	4.608	0.216	4.736	5.231	2.360	1.929	4.413	5.543	3.721	0.000	0.279	0.803	0.458	0.000	3.112	1.046	1.903	0.000	3.263	2.181	4.431	2.928	5.041	0.000	0.124	1.187	3.207	1.501	0.000	1.003	1.199	0.000	0.135	0.314	3.404	0.000	0.063	0.189	0.000	0.149	2.198	0.967	0.000	1.764	0.748	0.000	2.038
3.660	3.739	5.288	5.567	2.578	4.495	5.678	1.549	3.549	6.963	3.544	3.165	3.395	4.039	6.613	4.287	2.653	4.190	4.779	6.156	4.667	7.290	4.042	5.755	4.596	5.574	6.620	4.779	7.649	6.470	6.885	6.649	9.819	4.865	8.000	7.183	6.197	3.125	9.198	6.081	4.169	4.606	7.036	9.180	6.178	6.865	5.393	5.298	4.088	2.639	3.467	2.654	2.029	6.216	2.492	3.324	4.930	3.529	3.203	6.178	4.897	4.495	6.265	2.692	2.345	5.364	5.439	3.234	6.088	1.084	3.170	2.070	2.690	0.000	5.256	1.578	4.049	1.250	0.141	4.453	3.014	1.218	1.680	1.357	0.607	0.364	0.608	1.980	1.268	1.518	0.000	2.204	0.897	2.407	0.000	0.486	0.000	1.347	0.375	0.763	1.139	2.785	0.000	0.000	1.340	1.473	1.704	0.564	3.116	0.111	0.974	2.868	0.448	0.676	2.654	0.220	1.483	0.557	1.664	2.285
0.246	0.513	3.499	4.988	3.251	4.149	1.667	4.808	5.392	2.672	5.396	5.530	3.738	6.195	5.472	6.909	3.343	4.564	6.763	5.660	6.383	3.478	5.680	3.102	5.636	5.875	4.357	6.388	7.943	6.161	7.135	4.449	7.233	6.314	7.183	8.000	7.900	7.235	9.894	7.066	5.744	7.331	9.766	5.147	3.871	4.051	8.211	7.579	2.161	3.632	6.204	3.308	3.400	4.272	4.260	4.950	5.097	5.045	2.457	1.881	2.586	3.487	4.720	4.096	1.267	3.072	2.070	5.224	4.228	4.146	3.986	0.996	4.068	4.586	4.009	2.520	4.930	4.296	6.242	3.574	1.982	0.679	0.000	1.030	0.753	2.346	0.000	0.913	3.757	0.000	0.000	0.193	0.000	2.698	1.863	1.616	2.946	0.383	0.034	1.375	1.606	0.000	0.000	0.000	3.316	0.000	0.000	1.524	0.535	2.727	1.688	0.652	2.247	1.743	0.000	0.000	1.982	3.218	2.212	3.786
2.686	1.499	2.623	0.335	3.809	3.336	5.382	4.501	5.056	4.595	5.013	0.855	4.909	4.312	3.970	4.954	5.384	3.242	5.280	6.810	2.384	3.458	3.863	6.841	3.297	5.686	3.744	6.102	6.283	7.317	6.938	6.533	5.413	7.665	6.197	7.900	8.000	9.425	6.430	7.652	7.645	4.227	5.798	2.871	4.839	5.209	3.466	5.380	5.990	6.243	5.783	8.145	4.566	3.445	4.606	3.067	4.013	5.738	5.569	3.299	4.166	3.567	3.824	5.094	3.107	3.193	3.134	2.559	1.061	3.294	3.893	4.453	6.005	7.553	2.382	2.592	3.703	3.608	7.312	1.701	0.632	3.508	0.731	0.634	0.402	1.890	1.437	2.831	0.000	1.078	2.154	4.307	0.000	2.023	0.000	1.313	0.000	1.641	0.000	0.000	0.000	1.851	1.294	0.000	2.036	0.000	0.974	2.154	4.483	2.677	0.000	0.000	0.767	1.115	2.536	0.000	0.000	0.000	0.601	0.000
2.898	2.934	4.970	2.705	0.707	5.482	4.303	2.104	4.200	3.683	4.720	3.353	5.108	5.755	3.506	4.858	5.381	4.429	3.681	4.609	3.965	3.960	6.950	4.124	4.617	6.047	3.695	5.894	7.796	5.394	6.989	6.676	8.164	4.714	3.125	7.235	9.425	8.000	9.385	8.982	6.160	6.510	4.321	6.027	6.955	5.981	7.118	5.477	4.958	3.971	4.476	5.113	2.153	3.144	4.205	3.758	4.186	4.504	3.450	6.904	4.256	4.785	2.745	4.508	0.181	0.260	1.694	8.839	3.953	4.321	5.431	5.056	2.563	4.347	6.069	4.784	4.025	4.218	1.582	5.920	2.316	1.527	4.624	2.549	2.219	2.480	0.000	0.905	1.248	0.117	3.402	2.602	1.921	1.601	3.375	1.101	0.000	1.885	1.348	0.000	1.302	3.845	0.641	0.000	1.487	2.191	4.769	1.087	0.516	0.000	3.006	2.181	2.162	0.000	0.000	1.091	0.000	0.356	1.606	1.604
4.479	2.516	1.350	2.325	5.511	0.629	8.114	4.505	4.562	4.290	2.645	2.111	3.993	1.793	5.041	4.058	4.082	2.880	3.617	5.474	4.095	3.650	5.988	2.776	5.675	5.090	5.121	6.538	5.437	5.143	7.352	5.401	6.829	6.245	9.198	9.894	6.430	9.385	8.000	7.128	5.836	6.534	6.322	4.881	5.914	4.268	2.165	6.179	3.462	4.878	5.484	4.405	5.260	3.250	5.091	5.851	6.342	6.013	4.246	3.062	2.328	3.241	6.051	1.348	4.663	2.270	1.719	4.450	1.319	2.559	4.948	5.204	1.422	4.503	3.291	3.310	3.993	4.010	4.385	2.919	1.145	2.775	0.000	3.211	0.041	2.778	0.303	0.342	0.000	0.000	0.934	3.369	2.576	0.000	3.481	2.384	0.889	0.562	0.905	4.078	2.984	0.000	0.000	0.000	4.151	0.000	2.042	0.457	1.328	3.094	1.234	0.727	0.919	0.575	0.000	1.409	0.276	0.000	2.356	0.856
1.952	5.092	5.059	3.820	2.643	3.756	4.206	2.660	0.915	2.558	4.210	3.436	4.190	3.257	2.774	2.513	5.328	3.491	3.896	3.367	5.815	3.767	2.106	3.708	4.038	1.751	4.326	4.412	5.209	5.712	6.519	9.047	4.950	8.214	6.081	7.066	7.652	8.982	7.128	8.000	7.248	5.740	7.800	4.506	8.460	5.808	5.984	4.250	6.959	5.696	2.611	3.837	6.402	6.544	3.824	5.633	4.161	3.995	4.449	5.326	2.453	4.942	3.235	4.344	4.411	2.116	3.992	3.077	3.974	3.994	1.141	1.228	4.448	2.665	0.615	2.472	4.828	5.235	1.906	2.473	3.085	0.980	2.547	2.351	0.614	0.000	1.981	0.000	4.256	1.619	0.000	0.179	2.171	0.628	0.000	0.487	0.000	2.759	1.010	2.367	0.556	0.000	0.940	1.135	1.494	0.677	0.410	2.248	1.157	0.405	0.000	0.810	1.050	0.000	1.172	0.579	4.306	1.094	0.000	2.457
2.189	4.479	3.965	3.586	5.032	3.046	4.615	3.749	2.395	3.043	2.886	3.422	3.984	4.801	4.554	3.558	1.521	4.708	4.212	4.879	6.916	4.971	4.084	4.419	3.231	5.483	6.931	6.650	6.677	8.088	6.128	6.105	6.526	5.398	4.169	5.744	7.645	6.160	5.836	7.248	8.000	6.189	6.752	6.927	6.410	7.874	4.576	4.699	5.426	5.018	6.947	5.139	7.627	3.075	3.443	3.996	3.462	3.221	7.577	4.236	3.127	5.914	4.779	5.292	2.996	5.075	2.772	6.179	3.180	4.222	0.422	3.687	3.588	4.925	3.374	4.672	3.342	4.794	4.464	6.284	4.085	0.000	0.000	1.650	1.819	0.992	1.746	0.835	0.000	0.971	2.041	4.061	3.279	3.893	0.283	2.005	1.511	0.000	0.135	0.132	3.440	0.000	2.351	0.201	0.822	1.361	2.214	3.419	0.000	1.061	0.992	0.957	3.342	1.893	0.799	0.814	3.370	3.148	0.000	0.000
4.750	2.064	3.030	2.441	7.471	2.585	5.640	3.528	3.985	5.975	2.210	2.912	5.656	2.471	4.313	3.600	3.799	4.889	4.816	6.772	2.940	6.466	2.910	6.404	4.063	7.783	4.615	4.610	5.717	5.999	5.290	5.666	7.009	5.651	4.606	7.331	4.227	6.510	6.534	5.740	6.189	8.000	5.661	6.666	4.187	5.735	8.566	6.617	4.424	3.959	5.635	6.459	5.772	4.416	7.993	3.692	5.179	2.669	2.426	6.097	5.534	3.808	3.357	3.513	4.300	4.738	7.044	1.983	5.041	3.536	6.961	3.666	2.410	0.804	4.593	1.077	3.959	4.718	2.396	1.719	1.690	0.249	0.986	0.000	1.364	0.000	3.119	0.252	2.319	0.448	1.302	4.763	2.924	0.000	0.670	0.000	0.948	0.242	0.000	0.000	0.508	0.532	3.519	3.275	4.137	0.476	0.000	0.009	4.792	0.113	1.739	0.000	1.391	0.600	1.369	0.000	4.862	3.214	1.857	0.251
3.421	5.794	3.311	5.773	4.521	2.732	4.603	4.076	1.864	1.468	3.962	3.406	4.869	3.481	4.645	2.672	4.386	4.557	6.932	3.106	2.980	6.715	4.221	5.383	1.357	5.782	4.778	3.336	4.599	4.349	4.129	6.022	5.591	4.566	7.036	9.766	5.798	4.321	6.322	7.800	6.752	5.661	8.000	5.255	10.127	10.049	8.063	4.661	8.772	4.478	4.427	5.762	4.027	6.957	5.553	4.389	6.839	7.252	7.062	4.643	5.941	4.727	7.197	1.417	4.760	4.437	5.127	2.562	3.100	6.772	2.219	2.310	6.658	4.569	3.795	5.401	5.586	6.821	5.056	4.447	0.019	2.873	2.479	0.957	1.224	0.000	1.192	0.429	2.222	3.089	1.002	0.101	1.906	1.793	0.882	0.771	3.632	0.662	0.343	1.921	0.847	2.259	1.069	1.011	0.880	0.000	0.000	0.975	1.797	0.740	0.000	0.080	0.560	0.000	0.000	2.363	0.734	0.747	2.582	0.193
3.026	3.535	0.977	0.911	2.421	3.722	1.451	7.672	5.556	4.949	5.346	3.768	2.794	1.945	2.572	1.817	5.394	0.000	2.369	2.818	5.385	5.325	3.049	1.919	5.452	4.566	2.339	3.853	3.611	3.358	5.331	3.469	5.765	5.985	9.180	5.147	2.871	6.027	4.881	4.506	6.927	6.666	5.255	8.000	10.448	8.730	6.935	8.470	3.742	6.270	8.687	5.296	8.042	4.303	6.817	5.702	4.325	2.757	6.347	3.311	4.674	5.350	4.400	3.104	6.380	4.917	4.250	3.950	6.003	5.138	3.013	1.295	3.424	3.039	2.841	0.323	4.389	3.489	5.718	2.022	0.000	2.563	3.527	1.312	1.625	0.000	0.028	1.725	1.022	0.000	0.318	2.915	1.265	2.685	0.000	0.167	3.646	1.486	3.487	0.559	0.000	1.070	0.272	2.591	2.921	0.000	0.000	2.104	0.000	0.921	2.653	2.459	0.499	0.047	3.387	0.000	2.893	0.828	2.463	1.647
1.577	0.218	1.783	3.214	3.299	3.561	0.340	3.380	3.308	3.062	2.185	5.100	4.208	3.879	3.977	3.632	3.256	1.460	4.034	2.172	3.721	5.105	2.586	3.776	0.018	4.825	4.011	4.192	2.183	2.525	4.796	6.648	6.021	4.479	6.178	3.871	4.839	6.955	5.914	8.460	6.410	4.187	10.127	10.448	8.000	6.954	7.501	8.554	8.937	5.630	6.350	5.942	3.536	6.755	6.050	4.787	5.482	6.618	3.015	5.628	3.731	6.913	2.901	6.477	3.890	2.147	2.292	3.044	3.941	6.012	4.727	4.252	3.571	1.835	5.401	2.555	2.522	3.793	3.009	5.867	0.000	0.146	4.432	0.194	0.409	2.132	2.308	2.450	4.504	2.274	3.676	1.017	0.266	1.809	2.701	0.734	3.204	1.784	3.709	0.192	0.000	1.182	0.000	0.000	0.214	1.747	0.000	0.153	0.000	2.072	4.284	1.342	2.757	3.086	1.119	5.800	1.104	0.000	1.945	5.182
2.860	0.000	1.343	5.550	6.443	3.244	1.436	1.442	3.702	4.485	3.822	2.688	2.348	2.565	2.098	3.141	2.243	3.456	5.265	4.523	4.870	2.418	5.618	3.451	2.700	2.673	3.495	6.703	6.067	5.815	5.635	4.986	5.043	4.451	6.865	4.051	5.209	5.981	4.268	5.808	7.874	5.735	10.049	8.730	6.954	8.000	7.055	5.629	6.103	8.055	6.836	5.356	5.022	5.341	6.911	4.977	4.993	2.348	6.154	6.185	3.757	5.040	4.749	3.855	6.763	3.423	5.420	4.530	1.980	4.409	4.249	2.187	2.123	3.479	3.598	3.573	3.304	2.633	2.646	3.891	2.777	4.746	1.803	0.000	0.000	0.320	4.385	0.033	2.352	1.421	2.978	2.295	0.997	3.149	0.417	0.000	0.000	0.000	0.000	0.711	0.000	2.996	1.493	0.000	0.062	1.760	0.000	2.177	1.333	1.941	1.328	0.000	2.632	2.891	0.000	1.677	2.784	3.182	0.658	2.836
3.497	4.497	2.078	1.460	4.630	2.638	2.798	3.299	3.496	4.533	4.031	4.702	2.839	1.779	3.555	5.900	0.986	1.338	4.209	1.126	4.034	2.599	2.278	5.898	3.671	4.586	3.146	4.077	3.551	5.085	5.384	5.200	8.552	4.684	2.639	3.632	6.243	3.971	4.878	5.696	5.018	3.959	4.478	6.270	5.630	8.055	9.293	5.950	5.386	8.000	7.375	9.070	5.597	7.342	9.097	5.694	3.484	6.185	7.778	4.977	7.455	5.043	2.905	5.013	4.747	4.119	3.950	3.801	6.200	3.663	4.790	3.430	3.478	2.242	4.680	1.711	3.217	3.157	4.115	2.699	6.015	0.965	1.648	2.472	4.372	2.918	0.818	2.158	4.580	2.462	0.000	2.522	4.101	1.051	0.745	0.000	1.355	1.526	3.031	2.575	0.000	1.446	3.314	0.000	2.427	0.000	0.131	2.047	0.584	1.383	2.121	0.435	0.000	0.000	1.132	0.846	0.000	3.597	1.163	3.045
2.763	2.780	2.917	0.982	3.614	5.168	4.578	2.095	3.148	1.864	3.431	2.440	5.086	2.424	3.681	4.020	2.617	4.708	4.375	4.210	5.076	6.753	5.832	5.056	4.045	2.572	3.883	3.733	2.865	3.930	6.297	1.512	4.929	3.485	3.467	6.204	5.783	4.476	5.484	2.611	6.947	5.635	4.427	8.687	6.350	6.836	5.969	7.504	5.173	7.375	8.000	6.406	7.828	8.827	4.288	6.261	6.936	6.577	5.964	8.693	4.391	6.932	3.830	4.609	4.829	4.171	3.264	4.053	3.208	5.497	3.894	1.693	3.843	2.406	2.725	3.852	3.613	3.831	2.443	1.838	0.000	1.123	0.128	3.348	4.149	0.000	0.000	0.677	1.249	0.996	0.223	2.024	0.164	0.611	0.000	0.000	0.000	0.735	0.850	0.101	3.831	2.374	3.985	0.312	0.142	4.354	0.597	0.000	1.998	0.000	2.545	3.066	0.071	1.640	0.000	2.049	2.489	0.000	0.000	0.702
7.508	4.739	0.971	0.550	7.962	3.867	4.890	2.308	2.459	3.150	0.973	2.772	1.248	2.705	1.291	4.859	5.772	4.568	3.390	2.717	3.185	3.299	4.612	3.242	2.743	0.927	2.526	3.273	7.029	5.146	6.395	4.513	5.413	6.604	2.654	3.308	8.145	5.113	4.405	3.837	5.139	6.459	5.762	5.296	5.942	5.356	7.302	5.226	7.965	9.070	6.406	8.000	8.227	8.689	8.081	7.341	5.265	5.022	7.259	6.078	5.295	4.034	5.429	3.251	4.030	6.986	4.565	6.860	3.167	5.802	2.568	5.122	5.129	4.993	5.149	4.996	2.610	4.934	3.861	5.730	1.110	4.029	0.000	1.218	1.826	0.958	0.773	3.880	1.721	0.000	2.475	0.364	3.843	1.547	0.448	0.732	1.288	3.402	0.668	0.000	2.503	0.000	1.574	0.000	2.012	0.000	0.576	0.000	1.193	3.980	2.389	0.000	3.530	3.636	2.552	2.100	2.880	0.000	3.064	2.299
3.605	1.829	3.635	1.793	3.456	4.145	4.146	2.753	3.177	4.837	3.939	4.249	0.157	3.620	4.444	4.628	3.660	3.146	3.524	4.940	3.038	3.031	3.924	5.393	2.932	3.895	0.353	5.365	3.547	7.069	3.597	2.763	4.102	4.176	2.029	3.400	4.566	2.153	5.260	6.402	7.627	5.772	4.027	8.042	3.536	5.022	6.181	8.095	7.931	5.597	7.828	8.227	8.000	6.952	7.830	8.957	8.000	4.157	6.717	3.720	6.265	5.149	4.308	4.526	4.652	4.435	4.373	6.072	8.453	5.420	3.284	4.622	3.195	6.604	4.155	4.878	4.407	4.415	0.542	4.668	2.147	1.856	1.063	3.023	0.000	0.901	0.333	0.000	1.397	0.000	3.978	2.272	2.129	3.051	3.428	0.000	0.148	3.059	1.787	1.162	2.303	2.500	0.924	2.063	0.253	2.499	0.079	0.128	2.419	0.015	2.148	0.777	1.906	2.401	1.365	1.736	1.300	0.910	1.040	0.494
3.331	3.462	0.806	3.638	1.878	4.093	3.143	4.511	4.166	4.550	4.051	3.219	3.430	1.931	2.483	0.000	2.497	0.816	6.113	5.957	3.415	4.758	4.511	5.516	2.939	3.915	3.335	1.409	2.256	4.834	5.978	4.518	5.268	2.331	6.216	4.272	3.445	3.144	3.250	6.544	3.075	4.416	6.957	4.303	6.755	5.341	6.943	7.027	6.993	7.342	8.827	8.689	6.952	8.000	6.001	8.598	6.195	6.914	5.300	7.540	6.787	4.450	4.479	6.563	2.434	4.553	2.512	4.726	2.877	7.264	4.395	5.824	3.283	3.747	5.579	1.798	4.840	5.608	5.522	3.272	2.043	0.263	1.878	2.135	1.067	3.119	0.212	2.007	3.778	2.707	2.370	0.023	0.000	1.175	2.624	0.000	0.000	0.846	0.000	2.966	2.060	2.922	1.605	1.871	3.021	0.274	0.000	4.272	0.000	1.346	4.859	0.377	2.005	0.486	0.000	1.103	2.679	1.925	2.565	1.821
2.482	3.965	0.000	1.769	3.629	6.102	7.232	3.140	3.266	0.894	3.252	2.991	3.814	2.604	3.155	5.104	2.891	3.654	3.061	0.093	3.234	5.166	3.741	2.811	4.244	3.510	4.754	1.216	4.715	6.271	4.337	4.794	3.230	2.429	1.084	4.146	3.294	4.321	2.559	3.994	4.222	3.536	6.772	5.138	6.012	4.409	4.555	3.158	3.343	3.663	5.497	5.802	5.420	7.264	6.954	5.007	0.941	4.367	6.357	8.726	4.371	4.652	6.522	5.482	4.736	9.301	6.120	5.801	6.389	8.000	7.751	6.321	5.184	7.007	6.424	6.678	8.824	4.526	6.097	4.735	2.732	3.158	0.000	5.560	3.443	2.426	2.769	3.136	2.723	0.056	3.777	2.777	4.611	3.228	0.000	3.401	0.450	2.804	1.358	2.028	0.324	2.435	4.091	1.245	0.502	4.121	0.689	1.048	1.949	3.632	2.938	0.413	1.677	2.452	2.981	4.044	0.000	2.028	4.282	2.399
3.537	2.461	1.439	2.309	1.113	3.298	4.449	3.633	1.888	7.112	3.296	4.876	2.722	2.967	2.043	5.026	6.090	3.222	4.700	1.439	4.105	1.423	3.348	5.825	3.442	2.800	4.950	2.070	3.181	0.000	2.088	1.536	5.154	2.745	3.170	3.986	3.893	5.431	4.948	1.141	0.422	6.961	2.219	3.013	4.727	4.249	3.902	3.302	1.443	4.790	3.894	2.568	3.284	4.395	4.933	5.073	8.292	3.337	4.868	3.722	5.434	6.378	6.954	7.187	8.600	5.738	8.166	8.048	7.450	7.751	8.000	8.713	9.576	5.166	6.643	6.891	7.003	5.824	6.021	6.167	3.115	3.528	2.063	1.060	2.529	5.734	2.851	2.652	0.634	3.292	0.990	3.005	0.000	1.008	2.990	2.428	3.486	1.616	3.050	3.124	1.164	2.151	2.036	3.936	3.460	1.744	1.492	1.394	0.686	0.904	2.956	0.000	1.461	2.902	0.425	0.000	0.557	1.486	0.000	0.000
3.871	4.650	4.109	0.369	6.523	4.983	5.414	5.603	3.482	4.232	4.026	3.203	7.136	2.324	1.051	1.486	2.139	3.506	0.805	3.648	2.400	7.413	2.170	6.794	0.295	1.278	2.802	5.899	2.424	5.601	2.614	1.044	7.446	3.062	2.070	0.996	4.453	5.056	5.204	1.228	3.687	3.666	2.310	1.295	4.252	2.187	4.872	4.394	0.999	3.430	1.693	5.122	4.622	5.824	4.308	7.470	4.516	4.810	4.205	4.732	3.611	6.642	5.150	4.385	6.171	6.767	6.205	7.666	6.434	6.321	8.713	8.000	7.861	5.532	8.087	6.965	4.839	6.254	5.410	5.623	4.349	3.962	4.510	2.921	3.846	4.333	0.669	4.849	1.970	3.864	6.843	1.279	1.285	0.000	2.671	2.532	2.519	2.129	3.410	1.442	0.000	0.000	1.211	0.000	1.917	0.000	2.753	0.765	1.751	2.891	2.363	1.387	0.727	1.206	0.000	0.000	2.936	1.273	1.191	1.705
2.766	3.046	4.388	3.774	6.001	1.484	3.527	2.267	6.012	1.274	1.784	0.325	5.236	0.786	2.446	4.935	3.365	3.347	3.996	3.725	4.804	6.644	3.838	5.468	4.856	1.183	2.350	2.343	1.474	4.019	1.179	2.252	3.586	4.765	2.690	4.068	6.005	2.563	1.422	4.448	3.588	2.410	6.658	3.424	3.571	2.123	4.675	5.290	2.440	3.478	3.843	5.129	3.195	3.283	6.317	2.031	5.254	5.501	7.003	3.395	4.089	6.686	5.471	6.805	5.609	7.182	2.991	6.320	3.819	5.184	9.576	7.861	8.000	9.296	7.757	6.865	8.185	6.233	4.442	6.166	2.821	3.454	4.339	4.232	5.183	2.389	2.881	3.411	4.122	4.749	5.226	2.746	1.238	0.000	0.478	2.234	3.335	3.310	0.357	1.180	0.000	2.103	1.479	3.616	1.787	0.000	3.144	1.942	1.556	0.350	2.108	0.090	2.149	1.097	2.649	0.000	0.000	4.947	4.453	1.446
2.917	2.265	0.000	2.761	1.624	4.217	1.295	1.809	1.988	0.000	0.291	2.585	1.505	5.030	2.551	4.398	0.000	4.938	0.000	5.989	2.664	3.949	2.531	4.170	5.313	2.666	3.197	5.747	1.284	6.728	5.713	2.600	3.569	4.608	0.000	4.586	7.553	4.347	4.503	2.665	4.925	0.804	4.569	3.039	1.835	3.479	3.200	4.016	6.986	2.242	2.406	4.993	6.604	3.747	4.168	5.194	5.352	4.005	5.166	2.500	6.733	6.172	4.107	6.079	7.773	4.680	4.532	6.811	6.290	7.007	5.166	5.532	9.296	8.000	5.924	7.320	6.902	2.892	8.773	5.815	2.799	2.638	3.882	5.430	1.639	3.208	4.492	4.272	3.146	0.634	3.296	2.192	3.886	4.031	3.081	2.179	0.647	1.104	1.859	1.103	1.124	0.000	4.169	7.612	1.921	4.475	1.691	1.618	0.610	2.951	2.209	3.191	0.000	4.724	0.797	1.042	2.049	0.474	0.857	0.629
2.207	1.786	0.793	3.808	3.431	3.927	5.511	3.399	4.397	3.088	4.667	4.790	3.447	3.241	5.596	5.019	0.000	4.759	2.806	1.291	3.972	1.578	2.797	4.098	3.417	3.609	5.411	4.354	3.407	3.072	5.727	2.917	2.111	0.216	5.256	4.009	2.382	6.069	3.291	0.615	3.374	4.593	3.795	2.841	5.401	3.598	2.519	2.688	3.120	4.680	2.725	5.149	4.155	5.579	0.716	4.772	3.966	5.342	5.420	4.325	5.195	4.897	4.043	7.313	6.542	5.300	6.008	5.988	7.105	6.424	6.643	8.087	7.757	5.924	8.000	8.249	5.710	8.637	6.011	6.028	2.982	4.416	5.300	2.064	4.301	2.664	4.941	4.303	0.244	4.576	4.024	1.814	4.882	0.052	2.477	0.000	0.287	2.664	1.591	0.000	0.000	0.290	2.692	0.749	5.291	0.434	1.606	1.628	1.169	2.016	0.000	4.376	0.000	4.201	2.151	1.182	2.626	1.937	2.281	2.414
0.664	0.000	5.106	3.910	2.417	1.584	3.730	2.752	3.069	2.574	3.003	3.484	2.416	3.804	3.986	0.406	2.693	1.145	2.651	2.440	2.191	5.050	0.940	2.763	2.719	3.748	4.850	3.303	2.869	5.718	4.409	5.561	1.852	4.736	1.578	2.520	2.592	4.784	3.310	2.472	4.672	1.077	5.401	0.323	2.555	3.573	6.204	2.621	2.844	1.711	3.852	4.996	4.878	1.798	1.157	2.220	4.560	4.568	3.347	4.579	4.462	2.606	5.139	4.475	6.311	3.944	6.390	3.315	6.163	6.678	6.891	6.965	6.865	7.320	8.249	8.000	6.705	8.122	5.481	7.218	3.942	3.001	3.605	3.166	3.220	3.476	3.774	3.759	1.323	2.366	4.321	2.997	2.447	2.806	0.396	0.810	3.228	1.156	2.689	3.142	0.683	0.473	2.141	1.034	2.459	1.895	0.945	0.000	1.931	1.261	3.176	1.123	0.000	0.364	1.417	0.000	0.400	2.782	0.517	2.301
3.752	0.789	1.687	0.000	2.215	3.433	5.270	5.821	5.139	1.907	7.460	2.659	5.043	1.801	3.953	1.930	5.375	2.387	5.420	2.802	3.414	4.175	4.308	3.076	2.782	1.372	2.798	5.865	6.463	4.682	2.934	5.795	2.000	5.231	4.049	4.930	3.703	4.025	3.993	4.828	3.342	3.959	5.586	4.389	2.522	3.304	3.017	4.609	2.313	3.217	3.613	2.610	4.407	4.840	5.470	2.734	4.147	3.690	5.402	6.099	3.246	3.541	6.224	6.008	5.138	6.193	5.522	6.006	7.869	8.824	7.003	4.839	8.185	6.902	5.710	6.705	8.000	6.441	7.131	6.048	4.159	6.138	2.522	1.531	4.329	4.558	5.418	2.800	4.392	3.706	4.381	2.560	2.208	1.495	5.507	1.871	1.810	1.946	0.000	0.155	2.675	3.206	1.608	3.758	0.000	3.228	4.391	0.000	0.000	0.015	1.272	4.007	1.925	0.679	1.333	2.253	3.529	2.504	1.594	1.559
0.000	6.159	0.000	1.669	2.143	3.552	0.664	3.352	3.469	5.926	3.031	2.218	4.534	4.702	4.014	2.292	6.680	4.033	5.859	1.822	2.233	4.408	1.865	5.305	4.491	4.233	4.294	3.658	2.472	3.336	0.000	2.947	3.963	2.360	1.250	4.296	3.608	4.218	4.010	5.235	4.794	4.718	6.821	3.489	3.793	2.633	5.280	3.284	3.545	3.157	3.831	4.934	4.415	5.608	3.060	3.972	3.947	5.681	6.336	4.521	2.557	3.374	5.821	3.159	5.526	3.327	5.998	7.887	4.573	4.526	5.824	6.254	6.233	2.892	8.637	8.122	6.441	8.000	6.856	8.476	4.543	2.793	0.890	5.007	4.050	2.764	5.051	4.602	6.019	2.101	4.886	2.723	0.321	2.757	1.695	4.192	0.596	0.982	0.442	2.413	3.952	1.687	2.161	2.484	2.912	2.725	2.051	1.606	3.333	0.473	0.000	1.031	3.394	2.029	1.346	0.750	0.000	0.000	0.000	0.000
0.640	6.046	3.196	4.452	3.442	3.322	7.175	2.061	0.000	4.367	2.636	2.782	4.883	3.712	2.114	2.052	0.819	3.979	0.042	2.997	1.241	3.981	2.255	4.145	3.648	3.951	3.196	5.861	1.872	3.491	3.075	0.000	0.000	1.929	0.141	6.242	7.312	1.582	4.385	1.906	4.464	2.396	5.056	5.718	3.009	2.646	2.480	5.054	2.760	4.115	2.443	3.861	0.542	5.522	3.723	5.200	4.899	4.975	4.766	1.841	7.824	4.577	5.924	4.044	5.389	6.555	4.766	5.684	4.398	6.097	6.021	5.410	4.442	8.773	6.011	5.481	7.131	6.856	8.000	7.235	6.550	5.229	6.079	6.287	4.493	3.674	2.989	3.126	1.369	2.822	3.402	3.321	2.837	4.045	4.640	1.646	0.146	4.659	1.862	2.670	2.292	0.000	4.039	2.945	1.359	2.906	1.974	0.656	1.594	0.000	0.000	1.809	1.832	2.334	0.870	3.235	1.271	0.770	2.936	1.526
5.452	2.690	4.924	4.380	1.872	3.775	1.404	0.000	2.865	2.463	0.561	2.603	3.681	1.377	2.223	1.428	4.250	0.000	3.638	5.269	4.401	2.828	3.787	0.844	3.429	3.628	1.215	3.129	4.907	1.155	3.551	3.356	2.297	4.413	4.453	3.574	1.701	5.920	2.919	2.473	6.284	1.719	4.447	2.022	5.867	3.891	1.082	5.870	1.922	2.699	1.838	5.730	4.668	3.272	4.321	2.253	4.569	5.629	4.071	2.650	5.514	3.011	4.202	1.952	3.410	4.546	3.454	4.194	6.700	4.735	6.167	5.623	6.166	5.815	6.028	7.218	6.048	8.476	7.235	8.000	5.757	8.460	5.033	5.228	3.671	3.703	1.762	4.622	3.897	7.280	3.162	3.445	1.650	2.325	1.591	1.392	0.903	2.534	1.788	3.647	2.229	1.418	1.174	0.025	2.614	1.795	1.506	0.000	0.618	0.000	0.192	2.895	1.538	1.243	0.000	2.228	0.000	0.000	2.460	2.397
2.377	2.846	0.000	0.404	0.035	0.083	1.546	1.561	0.926	3.360	0.000	0.287	1.210	1.797	1.963	4.670	0.000	1.477	0.000	3.173	0.000	0.586	0.000	3.772	2.678	4.187	2.136	0.587	1.288	3.796	1.360	0.000	1.853	5.543	3.014	1.982	0.632	2.316	1.145	3.085	4.085	1.690	0.019	0.000	0.000	2.777	0.332	1.510	2.433	6.015	0.000	1.110	2.147	2.043	5.366	0.743	3.768	1.451	4.326	1.482	0.192	0.000	0.993	0.628	3.627	3.087	1.241	2.289	2.672	2.732	3.115	4.349	2.821	2.799	2.982	3.942	4.159	4.543	6.550	5.757	8.000	6.023	9.282	6.683	5.434	6.819	5.411	6.038	7.291	6.078	8.168	6.536	4.340	6.408	6.679	3.424	5.322	5.779	6.097	6.501	4.701	4.177	6.287	5.568	3.213	3.629	3.271	2.954	5.605	4.882	2.178	3.382	4.818	3.557	1.696	1.326	3.916	1.733	2.257	5.869
0.000	0.446	4.823	0.424	0.000	0.000	0.959	1.504	2.625	1.138	0.328	2.708	0.000	0.991	0.000	0.309	0.115	1.353	0.034	0.000	1.494	2.373	0.000	1.589	0.808	0.000	0.000	0.000	1.898	1.605	1.401	1.338	1.917	3.721	1.218	0.679	3.508	1.527	2.775	0.980	0.000	0.249	2.873	2.563	0.146	4.746	2.507	1.589	0.388	0.965	1.123	4.029	1.856	0.263	1.294	2.923	2.082	1.981	1.385	5.149	3.140	2.583	2.988	1.032	2.895	0.277	4.826	0.554	4.091	3.158	3.528	3.962	3.454	2.638	4.416	3.001	6.138	2.793	5.229	8.460	6.023	8.000	8.957	6.849	7.005	7.282	6.722	6.318	8.301	5.677	6.039	5.320	5.889	4.029	6.045	5.409	6.556	4.706	4.172	4.552	6.660	7.788	4.105	6.441	2.251	3.574	3.676	5.044	4.876	5.073	4.645	2.453	3.637	2.218	5.169	4.176	3.165	2.516	0.000	0.784
0.612	4.562	0.188	0.000	2.898	1.345	0.000	1.026	0.000	0.763	1.049	0.000	0.048	0.965	0.000	2.223	0.000	2.049	0.000	1.504	0.000	0.000	0.120	0.252	0.000	0.811	2.001	0.000	0.000	3.102	3.715	1.163	0.000	0.000	1.680	0.000	0.731	4.624	0.000	2.547	0.000	0.986	2.479	3.527	4.432	1.803	3.254	0.000	6.923	1.648	0.128	0.000	1.063	1.878	1.338	1.017	2.285	1.745	3.981	3.447	2.043	4.006	0.000	1.066	1.616	5.171	0.000	2.767	2.205	0.000	2.063	4.510	4.339	3.882	5.300	3.605	2.522	0.890	6.079	5.033	9.282	8.957	8.000	8.339	7.035	6.940	8.010	7.942	7.915	6.893	3.859	6.536	6.122	5.187	3.041	5.907	5.032	3.478	2.026	5.443	4.450	4.474	4.889	4.872	5.017	4.616	5.264	6.805	2.495	3.777	3.989	2.499	3.845	1.281	4.556	1.234	2.560	1.258	6.910	2.725
